0.845
0.855
0.865
0.89
0.885
0.875
0.905
0.865
0.945
0.94
0.88
0.915
0.925
0.895
0.9
0.895
0.91
0.925
0.905
0.905
0.925
0.885
0.88
0.91
0.89
0.9
0.92
0.9
0.88
0.9
0.905
0.915
0.93
0.9
0.915
0.92
0.925
0.92
0.93
0.905
0.925
0.9
0.915
0.905
0.91
0.91
0.92
0.905
0.92
0.935
0.91
0.905
0.935
0.91
0.935
0.9
0.92
0.915
0.925
0.905
0.91
0.92
0.925
0.905
0.93
0.925
0.925
0.925
0.915
0.905
0.93
0.93
0.925
0.93
0.935
0.94
0.945
0.94
0.935
0.92
0.94
0.935
0.925
0.91
0.92
0.915
0.905
0.92
0.915
0.935
0.92
0.92
0.94
0.935
0.89
0.93
0.905
0.915
0.935
0.9
0.89
0.905
0.92
0.91
0.92
0.93
0.91
0.905
0.925
0.915
0.895
0.915
0.94
0.905
0.92
0.925
0.925
0.91
0.93
0.905
0.935
0.93
0.915
0.93
0.91
0.92
0.925
0.9
0.935
0.93
0.92
0.925
0.93
0.905
0.925
0.92
0.93
0.915
0.925
0.915
0.94
0.9
0.925
0.92
0.935
0.915
0.94
0.915
0.93
0.93
0.925
0.915
0.925
0.94
0.925
0.925
0.915
0.915
0.925
0.93
0.925
0.925
0.955
0.93
0.95
0.915
0.93
