1977.0142 1823.6106 1774.9095 1585.564 1514.9293 1419.5659 1220.7169 1140.6117 1015.5541 1040.8748 972.3446 961.0654 889.51 833.60736 897.40216 859.15814 794.6728 874.2848 742.9793 809.2075 748.438 740.9405 718.5465 731.0753 
1246.8596 1273.7587 1071.1279 947.81323 851.7593 711.6409 652.8116 658.928 616.40906 575.53436 501.15094 514.53467 511.27917 513.61395 473.92307 483.09766 453.69943 384.11707 415.19238 392.634 387.537 375.0411 363.3673 347.25418 
3720.092 3104.8997 3096.5144 2686.0571 2532.0947 2307.1357 2025.0905 2032.0289 1824.5972 1821.9006 1724.8274 1551.1674 1657.5469 1547.024 1551.8579 1482.9662 1471.1279 1410.0625 1320.0592 1323.6106 1281.3877 1255.3108 1112.1342 1004.7024 
2157.1194 1759.0266 1643.8342 1518.6781 1332.1934 1340.5459 1223.3475 1213.2852 1123.2161 1112.4302 1071.6212 996.2183 988.655 933.9033 925.9783 890.5952 793.12726 849.72046 825.6495 814.04144 764.6827 773.0023 777.1457 697.2706 
1601.7428 1258.5005 1162.052 1028.2802 988.6222 933.3772 825.7152 855.50806 786.2874 768.1026 732.4235 718.6452 696.9418 649.5232 681.5192 634.10065 646.53076 625.5837 571.391 615.1924 581.22327 589.0168 559.9145 559.1253 
1889.7731 1631.5028 1373.2325 1310.194 1220.8156 1070.9963 1093.5548 1004.01184 988.26044 917.6587 903.3213 875.0411 798.7504 776.38934 769.77966 773.2325 757.4811 649.35876 744.88654 695.79083 706.6097 670.7662 675.0411 665.439 
1380.7958 1310.753 1206.511 1051.9895 1066.3597 993.55475 958.0401 870.536 898.4216 842.7162 784.14996 805.3601 716.04736 756.6261 729.1023 631.5357 669.7139 640.80896 640.1184 605.1628 613.21936 613.877 571.1608 586.41895 
868.36566 856.92206 724.2683 608.5498 619.5988 574.12036 519.1384 528.31305 504.34067 384.93918 286.78067 312.03552 117.888855 249.72049 481.6179 453.5679 415.9816 416.08023 392.14075 380.46695 320.2565 366.2282 344.91943 248.0763 
2115.8171 1923.808 1651.6935 1555.9684 1422.1638 1255.0806 1254.0283 1144.3933 1125.6166 1104.538 906.1164 1006.6097 975.0411 958.1059 868.9247 863.3016 900.3946 830.71356 816.6393 799.67114 823.8408 762.5781 664.6498 722.65704 
2115.1267 1628.4117 1433.3114 1227.1621 1087.0437 971.62115 901.8744 900.0658 870.4702 812.7919 771.1608 740.6774 729.36536 665.6034 668.0368 655.90265 617.36273 636.50116 504.0447 570.30585 543.3739 546.5965 503.8474 502.6636 
2062.019 1613.0878 1405.2615 1358.9938 1224.3341 1107.3002 1067.1161 925.222 956.52747 910.49 809.1088 861.9533 874.97534 891.64746 832.5222 842.7162 782.73596 777.3101 756.36304 612.3644 691.18713 685.95856 690.8254 640.9734 
1397.4679 1114.5347 937.98096 874.8767 821.96643 744.09735 757.8757 706.6754 674.2848 644.3275 526.636 561.3614 500.9865 518.25055 484.77475 469.2864 438.73724 407.69482 433.1141 396.77737 400.72345 427.98422 354.91614 412.23282 
1483.6567 1165.9323 997.9612 950.64124 907.7277 813.5153 770.9964 712.98914 702.4663 661.3614 566.39264 607.49756 577.80334 573.95593 536.5669 533.57446 515.0937 475.4686 320.51956 416.50772 422.59125 421.4732 366.16245 406.64255 
2394.048 2017.8888 1781.2562 1562.2164 1522.953 1393.1273 1343.5054 1292.7327 1113.6139 1180.5985 1118.6781 1088.0303 1028.9707 996.1855 1003.6501 920.9471 929.9244 864.6827 809.1088 913.15356 755.1792 830.71356 786.35315 680.467 
630.4505 432.78528 453.89676 403.55145 408.1223 355.47516 299.44098 299.83557 274.08746 308.68137 290.46365 267.44492 277.17856 230.38474 253.43637 246.46498 245.90594 231.3055 233.80467 229.36534 216.63927 211.96974 218.67807 202.6307 
1318.1848 931.8974 657.7113 490.82538 454.52155 395.9224 420.8813 315.9816 343.3739 350.18085 366.32687 342.1243 313.5482 304.4722 278.23083 251.00296 247.45149 222.85432 238.57285 235.54752 228.60901 209.43768 206.18217 216.01447 
839.82245 677.6389 582.70306 522.2624 480.13812 429.92438 406.5439 384.74185 327.6225 347.02402 100.526146 226.60309 249.85202 230.878 265.2417 270.00986 274.0546 248.37225 251.66064 248.56955 204.11049 231.23973 216.40907 200.2302 
1112.3314 1015.6199 931.17395 908.221 795.8566 793.52185 677.83624 715.52124 670.0427 534.65967 597.6652 558.5663 555.08057 510.88458 511.83823 499.47385 491.05557 468.2999 403.4857 457.8757 466.0309 206.47813 298.61887 266.853 
2077.0142 1643.8672 1291.6146 1247.2542 1146.6294 1061.789 1058.4347 981.5192 932.7195 968.0368 804.60376 854.94904 841.13776 769.3193 718.1519 738.4413 635.02136 747.91187 701.31537 674.7452 670.536 648.33936 574.12036 620.15784 
2345.9717 1630.878 1465.2745 1289.8717 1165.6692 1057.0208 849.22723 911.60803 831.4041 815.6199 742.05853 719.1713 695.6593 654.686 643.8014 598.7175 587.04376 575.60016 488.65506 545.54425 514.9293 490.03616 477.04703 482.4071 
1752.3512 1614.5347 1321.2101 1313.9099 1270.0757 1229.9901 1151.6935 1147.4186 1098.0598 1015.1595 1003.8803 941.17065 937.75073 877.4745 739.0003 794.2453 707.30023 727.49097 596.7116 784.08417 705.656 658.6649 652.3183 578.0664 
975.33704 929.0036 831.4041 740.8747 711.4765 644.52484 605.7876 590.4637 515.2581 561.7889 512.6932 513.7126 472.24597 484.61032 482.96613 450.60834 453.92963 420.12497 428.0171 420.2565 356.8563 344.49194 0.0 0.0 
750.18085 496.08682 458.5334 418.1848 364.7813 385.0707 358.00723 353.53503 331.33838 329.2338 316.67215 292.00922 276.8826 277.3101 273.65997 242.09142 230.81223 235.67905 225.74811 217.13252 200.32884 205.16278 219.23709 209.79941 
1111.2134 1018.80963 884.57745 829.82574 716.6721 684.2486 697.40216 689.6087 646.6294 626.93195 535.8106 609.5692 587.7343 593.489 587.0766 617.92175 541.3022 510.194 529.36536 380.9602 510.91745 527.6554 550.3124 525.02466 
1598.5859 1463.3673 1249.8191 1016.3104 1073.0023 981.19037 970.7662 813.58105 887.40546 864.3209 771.22656 392.4367 0.0 0.0 0.0 0.0 0.0 1431.0425 1054.8503 843.7356 793.8178 736.10657 711.2463 736.6984 
500.26306 509.50345 479.28314 458.73068 364.8142 398.91483 364.45248 345.4127 294.44263 323.93948 345.51135 336.23807 307.62906 261.9204 269.91122 255.86978 232.25912 252.31831 230.02303 234.69254 218.8096 215.88293 214.732 200.5919 
288.88522 1052.417 901.4798 795.2647 651.1345 618.0533 644.8208 617.2312 0.0 414.37027 698.22424 619.1713 610.09534 565.89935 558.30316 548.7011 527.5567 521.80206 486.81354 487.83295 463.63037 453.04175 409.5692 400.8221 
2291.8777 1829.7928 1732.6208 1692.2394 1655.9027 1578.5925 1388.3262 1395.3962 1191.4502 1223.4133 1210.7202 1002.4334 1068.5958 961.22986 917.26404 712.7919 730.4505 737.2246 745.61 780.3683 842.1243 793.8836 701.2167 721.9007 
1302.3677 943.341 961.4272 843.04504 818.87537 748.5695 736.92865 707.366 654.2914 654.55444 612.759 614.40314 605.2614 525.02466 583.49225 547.6159 529.2338 510.85168 521.9336 509.53635 507.49753 534.42944 227.49095 502.00592 
2084.676 1602.828 1596.317 1425.9783 1391.0885 1268.3328 1235.6461 1151.3318 1065.9651 1079.316 988.5564 1031.5028 965.7678 836.1723 923.54486 882.3085 880.73004 825.222 815.88293 862.61096 799.3752 838.9017 817.0996 708.71423 
1889.3785 1554.7517 1447.879 1292.0421 1202.9924 1187.3397 1042.3217 1053.5022 977.80334 997.04047 962.3808 823.05164 883.6238 844.85364 855.1792 809.0102 823.1174 791.4831 769.25354 576.6853 719.1384 543.8343 527.8198 488.951 
1832.0618 1239.3292 1050.9043 1009.79944 929.9901 887.9316 916.40906 751.7264 797.36926 753.272 668.6945 722.55835 665.0773 677.86914 611.57513 612.3644 638.2111 619.4015 642.8806 594.2124 634.6268 636.3696 591.71326 619.26996 
1156.1328 965.439 479.71063 701.4798 756.6261 680.5327 677.4745 623.9066 563.66327 599.27655 538.5071 592.50244 553.60077 551.3318 506.9385 522.62415 518.84247 486.22165 486.81354 479.38177 495.85663 507.62906 454.1927 474.54785 
1259.9802 1041.8284 954.91614 863.3016 785.6955 772.50903 709.076 707.5962 678.03357 564.2552 621.57184 583.06476 587.37256 546.89246 568.4643 557.4811 539.78955 557.94147 542.25586 519.4673 536.0408 505.98486 544.6893 519.8948 
1706.6754 1370.536 1250.2137 1131.733 1068.1025 1039.4935 895.1003 941.3351 870.5031 888.655 813.877 828.1815 819.9934 736.6327 828.5432 733.67316 794.2782 755.7054 698.0599 723.05164 490.03616 745.7744 623.4133 621.96643 
1375.6659 1268.2341 1083.4594 1045.7086 947.6488 935.6133 441.30222 688.7537 777.34296 720.9471 718.74384 642.8149 675.60016 684.7747 649.35876 604.43933 651.69354 647.1884 675.6988 577.37585 618.4808 572.5748 631.60144 574.6465 
1955.0148 299.40808 1243.8672 1268.9905 1252.2526 1216.6721 1085.0049 1128.5104 1070.1414 1079.316 991.18713 1000.5261 943.1437 890.33215 916.86945 922.4268 928.74054 966.0638 869.7139 923.9395 907.9908 801.9401 790.924 816.93524 
809.5363 2562.348 2135.712 1867.2805 1804.2749 1602.4663 1568.2999 1416.5406 1374.0875 1426.0769 1262.907 1203.2885 1197.7968 1166.5242 1155.9355 1082.9332 1118.3821 996.84314 949.42456 1072.9694 971.1608 1004.0776 923.2818 919.0727 
2033.5416 1691.779 1632.9497 1437.5863 1375.0411 1253.4364 1267.708 1243.0779 1183.0648 1189.7073 1111.2134 1101.1838 1095.4291 996.3499 1048.5038 982.9004 1016.2118 986.1888 979.64484 958.1388 877.37585 878.75696 809.66785 886.5505 
1995.1003 2017.3956 1756.955 1567.9382 1264.2223 1287.8987 1050.8385 1239.4607 1000.13153 969.5166 898.586 784.8405 911.67377 819.33575 814.99506 787.89874 869.81256 912.13416 893.8836 897.172 830.878 820.4538 831.8974 759.84875 
1776.6525 1365.4061 1252.976 1086.4847 1049.0629 995.199 918.77673 946.95825 842.1243 861.29565 859.9803 778.9872 806.1822 757.38245 752.61426 709.0102 715.5541 675.074 619.36865 614.8306 586.35315 685.2022 659.7172 575.40283 
2375.633 1978.5597 1891.516 1711.2792 1432.8181 1503.4528 1382.1769 1361.0983 1248.3394 1216.7379 1199.1779 1111.2134 1151.4304 1072.6077 1171.1608 1143.9329 1024.9589 1069.681 939.4607 951.0358 903.15686 887.2081 922.3282 888.4906 
1122.098 937.75073 742.8149 652.3512 593.52185 566.1296 538.0138 501.6442 528.9707 461.85464 454.15982 500.09866 348.33936 444.52484 438.93457 446.95825 430.08878 432.85104 429.29956 210.8517 383.36075 283.72247 314.14008 351.5291 
1065.6692 948.83264 914.7649 865.7678 748.79974 798.25714 731.7001 734.7912 685.0707 670.9964 641.8941 689.83887 601.8086 523.7751 649.9507 628.5104 571.68695 593.2917 511.96976 514.00854 498.5531 440.34857 552.7787 510.95035 
1228.6418 954.48865 826.3729 782.3413 687.7014 695.9224 663.9592 541.0391 639.29626 556.6261 577.1128 538.83594 558.43475 563.07135 542.3545 566.0638 313.25223 494.5084 516.5406 488.45773 501.47977 468.66162 485.30087 462.44656 
1667.8724 1265.5376 1116.6721 979.0529 949.32587 888.655 745.2483 792.69977 678.4939 690.0033 623.9066 610.3913 604.04474 541.66394 545.1496 517.85596 536.6327 529.0036 486.05722 507.62906 486.18875 468.23413 435.08713 424.23544 
1083.854 760.3749 751.1345 645.93884 633.3443 556.88916 542.486 524.7616 486.682 502.4663 478.7899 512.98914 498.1585 463.3673 516.50775 480.63138 489.44427 456.06708 449.62183 449.02994 419.17133 426.10983 418.3821 443.1437 
1876.4551 1512.5616 1191.2529 1134.7911 1051.562 389.41138 932.4564 881.12463 855.7054 781.9138 808.3854 746.6952 742.3545 731.9303 678.26373 707.85925 666.8201 662.24927 622.2953 618.0862 631.14105 585.1036 638.83594 594.4755 
1019.2042 831.437 730.5163 649.85205 617.5929 583.6238 502.33475 525.3864 487.537 488.03024 449.0628 431.30548 489.7402 436.2052 446.56363 415.22525 417.3956 416.3762 386.18875 405.03125 370.3387 376.61954 349.42453 330.61493 
1463.3015 1145.8073 1000.4604 897.1062 794.6728 626.6031 774.12036 683.8869 611.2792 587.01086 574.778 477.8691 519.8619 502.6307 507.43176 478.62546 415.5212 445.05096 413.15356 154.42288 578.26373 494.57416 374.35056 368.59586 
1496.4814 1304.834 1054.2584 1089.3127 983.4265 960.3091 878.9214 866.1625 839.78955 794.4755 813.877 748.0434 752.61426 760.9339 677.4745 708.1881 672.805 684.8734 639.4278 645.44556 636.6984 598.6189 613.6797 585.43243 
1580.4669 1182.736 1001.54553 801.2167 815.0937 716.3762 682.9004 619.76324 613.2522 589.6087 566.88586 584.3801 534.7254 542.25586 547.78033 497.50082 529.4311 484.70898 502.00592 462.08484 475.79742 466.82013 432.81815 444.03156 
1604.3735 1377.8691 809.0102 919.1384 854.91614 826.9977 801.6113 729.9901 731.5028 678.85565 673.10095 674.3834 593.7849 617.9546 585.46533 585.56396 553.831 565.14307 558.79645 519.1713 529.33246 506.05063 349.4903 419.89478 
1588.8853 1188.7537 918.94116 845.8402 847.583 832.02893 729.5298 700.1644 727.39233 654.48865 666.6886 629.2338 724.10394 661.9533 0.0 0.0 0.0 188.52351 485.43243 499.93423 507.62906 376.98126 329.72705 257.0536 
1791.6146 1454.4229 1267.412 1020.4538 1041.1707 891.31866 856.92206 749.26013 657.74414 642.3874 564.12366 560.1447 519.5988 473.92307 506.47812 476.8826 499.5396 524.82733 583.3607 497.1062 459.88162 495.16608 424.46564 471.12793 
1292.4366 906.47815 787.86584 722.3611 676.7511 579.5791 517.32983 503.5186 430.2861 426.43866 405.45874 426.57022 382.73593 403.58435 457.0536 413.94278 376.55377 357.48108 279.61197 450.11508 376.9155 401.34824 234.46234 785.2022 
2178.6584 2020.0592 1734.0677 1608.9773 1490.9897 1366.1295 1350.6084 1243.7028 1237.6521 1200.9208 1075.0411 1112.5945 1036.271 905.2614 886.2545 573.06805 932.4235 760.67084 834.65967 834.03485 781.8152 785.3338 736.10657 793.7521 
1314.3374 1195.6593 1014.3703 940.9405 838.96747 805.7218 757.38245 680.0723 702.6636 672.70636 657.514 647.41864 574.97534 591.64746 560.7695 568.1684 528.1486 517.49426 469.15488 484.57745 478.92142 472.67346 480.0066 467.44492 
2105.393 1464.7484 1385.564 1197.0076 416.67215 600.75635 862.8083 853.53503 774.3505 711.70667 695.46204 721.21014 704.20917 632.9168 657.2509 618.6452 597.6652 579.1516 565.3732 566.0967 539.0003 541.7626 472.50903 427.91846 
1423.808 1235.8435 1145.2483 1012.10126 982.17694 927.0964 862.5123 848.0105 798.3558 793.7849 784.9063 693.58765 712.0026 663.0056 661.3285 623.57776 575.96185 662.11774 551.0029 559.5199 534.7583 537.0273 545.1496 534.7254 
2076.3564 1663.1371 1296.054 1342.4531 1153.5022 1065.4719 938.83594 911.345 861.9204 806.2151 831.9632 750.3453 731.0424 713.318 631.7001 647.2542 610.5228 622.098 579.3489 579.4476 571.3252 528.5104 536.3696 507.49753 
2678.461 2140.5789 1901.6442 1675.633 1628.6418 1537.7507 1394.8701 1422.098 1322.69 1314.6663 1199.145 1071.5226 1086.5505 1021.24304 1045.5771 988.5564 1009.73364 981.28906 902.76227 967.149 873.03516 865.7021 871.3581 784.0513 
435.05426 454.1927 365.70206 327.65536 244.45906 82.834595 166.03091 242.35449 233.24564 237.45479 214.56758 223.21605 206.67543 209.1746 193.52187 196.18547 189.90463 172.47617 174.77803 166.35976 171.09503 158.59915 61.756 82.73594 
1310.6215 1033.4758 963.7948 864.7813 779.1845 762.7425 676.84973 671.7527 652.1539 583.59094 602.4005 576.2578 599.5067 537.84937 537.52057 516.47485 478.49393 485.00494 460.44064 470.1414 449.39166 394.4755 447.94476 415.85004 
1439.2305 1171.6869 1067.9711 937.5863 925.1891 846.46497 866.6228 844.5906 763.53174 756.92206 724.1368 660.24335 719.4344 647.583 671.22656 621.60474 620.4538 603.2884 456.4617 598.5202 552.02234 549.72046 552.21967 488.03024 
1527.6882 1004.242 1239.7896 1025.1562 1074.0217 1018.5465 967.87244 838.2111 854.52155 808.81287 813.7455 761.9204 765.14307 770.20715 722.0322 728.70764 689.0497 539.19763 668.1355 598.3887 639.8882 606.05066 636.6327 613.9428 
2206.511 889.90466 1932.292 1837.3561 1725.2549 644.52484 1316.2776 1114.5018 1144.1631 1106.3466 1031.6014 1084.709 1008.74713 831.63434 700.23016 837.94806 867.0503 828.0829 867.41205 838.96747 858.36896 856.2644 799.4081 864.48535 
1432.292 1305.4259 1107.5304 1025.9454 989.64154 880.8287 895.36334 841.17065 863.2029 873.8902 826.04407 931.56854 927.88556 963.8277 895.8237 876.2578 888.88525 830.9438 845.8073 659.9145 1562.9727 1196.7773 810.0625 840.3486 
1572.1144 1361.4601 1120.8813 1084.0184 987.37256 892.53534 851.8251 814.00854 713.6797 719.8619 654.7846 655.3436 613.877 592.9628 564.09076 505.36008 562.01904 557.4482 539.658 529.6613 387.07663 479.21738 447.18842 496.34988 
2633.739 2132.6538 1794.4098 1551.3318 1502.0059 1354.7517 1283.2292 1219.5331 1083.9198 1084.5446 1003.8145 1023.05164 946.49786 940.77606 874.7123 785.7284 828.28015 784.2157 783.6896 781.8152 688.88525 749.6218 703.8145 712.7261 
1394.2454 1156.8892 1106.4781 1010.16113 920.4867 934.5939 839.5593 808.9773 795.5278 691.6146 682.9661 632.4564 681.8481 623.8737 622.65704 601.54553 562.01904 581.09174 546.43207 550.5426 534.7912 469.68103 507.30023 473.19962 
965.8007 783.854 571.8185 498.19138 404.66953 485.7284 578.1322 566.2611 517.9546 524.5643 463.4002 489.27985 458.79645 452.02237 443.83426 403.2884 405.22855 380.7629 269.5495 275.53436 367.18185 361.9533 359.3226 405.952 
1981.7494 1832.3906 1524.367 1402.269 1252.3512 1230.9767 1155.1464 1086.7806 1007.92505 1031.1082 984.3801 959.5199 861.59155 893.09436 845.08386 875.3042 831.2726 845.44556 812.7261 742.1243 778.82275 757.38245 713.8112 897.7639 
2673.0352 2253.0417 2041.1049 1854.2914 1582.736 1574.1204 1416.2776 1376.0934 1329.3654 1124.1368 1204.7024 1127.5896 1150.1809 1084.3473 1056.1658 1044.9523 998.88196 979.9079 915.6528 971.7527 482.99902 703.55145 762.1835 755.50806 
1753.6008 1345.051 1187.6356 1049.3259 1026.1757 997.89545 892.3381 906.05066 865.57056 846.49786 810.0625 750.0164 806.90564 751.7593 764.2552 723.54486 730.35187 723.2818 675.56726 697.5995 659.75006 663.92633 648.7011 590.06903 
1130.7793 1076.6853 981.61786 978.19794 783.13055 638.0796 832.65375 776.8826 824.63007 775.6659 798.65173 746.85956 768.9905 751.3647 701.34827 722.55835 696.5143 726.7675 724.00525 632.3907 709.1746 674.05457 712.3972 685.6955 
1343.4397 1212.2657 1105.0312 1006.1822 988.81946 864.7813 908.0237 674.05457 740.18414 709.73364 666.2611 682.17694 641.69684 635.51465 642.22296 585.39954 589.31274 557.8757 579.71063 565.8007 499.50674 540.24994 506.3466 521.2759 
1232.4236 1060.8352 924.6958 881.5521 834.1993 708.9773 743.8343 683.7882 683.06476 649.5561 653.272 634.7583 592.3052 589.4772 560.4407 554.3242 528.8392 469.87833 500.52615 478.1322 503.0582 486.2874 488.26044 471.09503 
1369.2864 1142.3873 1019.6646 890.5952 818.415 714.00854 710.19403 682.3085 602.6965 627.26074 581.12463 564.2223 504.5051 507.69482 494.90298 451.23315 452.64716 430.35187 396.38278 442.51892 436.13943 425.09042 383.0648 392.00922 
1546.1361 1472.4104 1251.4962 1096.4485 1050.0493 957.7113 923.512 869.18774 776.5209 798.7833 744.196 745.8402 708.9444 695.2318 684.8734 644.2946 645.51135 607.0372 629.26666 615.91583 541.072 588.78656 550.5426 555.1792 
1977.9349 1617.856 1426.7346 1118.974 1062.611 961.1312 924.63007 900.1973 876.45514 823.4133 752.71295 743.5383 684.2815 685.59686 668.4643 588.6222 632.0947 587.6028 590.5294 559.28973 556.7905 574.3177 543.50543 526.47156 
1169.2864 922.7228 772.0158 733.8704 611.14764 613.4166 610.12823 532.3907 531.23975 503.94608 521.3746 457.34955 465.37323 461.78888 428.44458 429.95724 397.27063 383.5909 394.90298 350.21375 374.41632 336.2052 332.3578 321.73627 
1425.1891 1107.5304 949.6876 832.4564 803.2555 724.53143 709.4706 678.0007 585.59686 611.0161 562.3808 570.9306 527.68823 534.2979 514.2716 476.8826 484.41302 460.63794 465.37323 461.1312 410.2269 436.13943 400.4275 404.34067 
1524.3013 1235.975 1155.6067 891.0227 971.5225 905.39294 860.80237 845.1496 727.0635 725.9783 675.8303 707.26733 663.9592 740.80896 659.3226 578.0007 543.9658 527.0635 546.36633 583.98553 525.2548 561.46 513.15356 513.4495 
2108.1223 1360.9668 1426.2743 1290.2006 1224.5972 1090.7596 1083.591 1032.9825 952.5156 961.3285 839.39496 886.78064 696.317 858.82935 744.09735 780.8616 751.7922 747.1227 686.2545 680.4341 621.4074 672.64056 611.70667 570.86487 
1897.0734 1505.656 1348.8655 1250.2137 1216.1132 1149.293 990.0362 781.3877 758.9609 956.39594 702.53204 757.90857 826.27423 757.1851 774.219 534.1335 783.95264 750.4439 480.23676 322.16376 617.0996 84.840515 404.17627 442.51892 
2038.3755 1584.5446 1424.5643 1282.44 1312.3644 1249.8849 1118.4807 861.4272 486.35318 678.39526 656.5932 664.7813 587.40546 628.1486 716.3762 706.5768 632.851 764.6827 358.92798 484.5117 606.7412 651.3976 572.9036 569.5824 
1109.0103 933.8375 778.6583 668.4972 718.2177 719.73035 565.2417 569.5824 513.877 501.94016 480.03946 495.62643 485.4653 400.95364 409.9967 405.12988 437.29037 426.66885 344.03156 342.84775 393.22592 418.08615 421.73627 422.1309 
1983.854 1618.119 1536.8958 1454.4886 1269.3193 1268.9575 1150.8385 1195.0345 1103.2227 1063.9264 924.66296 971.65405 930.35187 997.3035 942.7162 1043.7028 861.03253 984.2157 943.8343 970.0099 877.2443 886.81354 757.41534 833.60736 
1272.1802 1238.0138 1192.5682 1242.0914 882.3085 1013.4495 1039.6251 953.14044 931.76587 863.17 829.33246 765.439 663.72906 995.199 682.14404 447.51727 541.4995 481.94672 574.90955 598.81616 581.28906 552.58136 547.38574 461.756 
945.3798 938.73724 832.68665 793.2917 701.11804 701.70996 683.16345 624.39984 615.6199 578.23083 576.91547 607.6291 518.5137 563.56464 523.08453 521.9993 496.25122 504.0776 503.02533 481.55212 489.27985 467.41205 468.82605 438.8359 
811.57513 703.4199 677.37585 563.7948 565.8007 543.8671 540.57874 503.55145 431.79874 473.5942 486.97797 443.83426 485.56396 451.7264 449.7205 430.12167 433.27853 444.5577 419.4344 425.781 406.3795 423.0845 399.5725 361.29562 
2477.8691 2135.679 1833.443 1771.8185 1656.1328 1643.2753 1468.4314 1414.9951 950.24664 39.16475 811.6409 904.1434 797.5008 800.0 788.1947 789.31274 707.6291 759.42126 717.6258 730.35187 693.58765 686.4847 605.06415 582.63727 
2629.1023 2330.6477 2116.5735 1925.485 1817.4285 1559.1582 1754.39 1642.782 1430.878 1253.0089 1269.3193 1195.1332 1149.2601 746.2019 902.6965 1335.8435 1231.6672 1070.6346 1108.5498 1092.0421 1092.9957 959.22394 942.4531 894.4426 
1675.337 1338.2769 1340.809 1262.1835 1320.7826 1081.2891 1043.7028 1021.11145 870.86487 899.6054 842.2887 895.5278 819.5659 690.4637 757.0207 722.22955 777.6718 714.46893 705.45874 656.95496 669.74677 714.3374 674.778 697.43506 
1400.8878 1141.0062 966.2282 930.319 843.3739 862.28217 783.0319 749.9507 724.2026 669.5166 680.7629 640.80896 660.21045 637.98096 563.69617 609.33905 566.5242 578.9872 552.7787 565.34033 551.0029 518.67804 528.1157 522.4597 
2732.4893 2354.0613 2137.8164 1914.3046 1658.0402 1649.3259 1487.8987 1477.2772 1376.7839 1215.6199 1382.736 1167.9053 1163.1042 1112.6603 1116.409 1093.8179 962.44653 1022.4268 968.1684 974.90955 937.7836 1041.7954 990.9569 925.8139 
2928.8064 2423.545 2172.0815 1953.2062 1686.682 1676.5867 1527.195 1476.9484 1349.9178 1304.4065 1246.4978 1139.9868 1139.5593 1107.3989 1236.3696 1082.6702 965.47186 1017.36273 961.62445 968.9905 997.3035 1083.2949 1009.33905 948.0434 
1507.0701 1290.2664 1145.6758 1060.9668 919.9277 918.1848 829.6613 834.00195 757.90857 700.7892 694.2453 595.56067 631.56854 633.01544 654.91614 615.81714 546.56366 582.14404 551.858 558.5663 528.80634 527.32654 516.86945 487.1424 
1312.4958 1079.5461 1024.6958 683.16345 711.5094 951.9237 916.47485 882.4071 775.074 782.17694 742.68335 741.927 739.4607 632.3249 695.39624 644.1631 649.0299 630.6478 617.9546 612.59454 575.7974 599.90137 567.34625 590.9569 
975.36993 837.94806 912.62744 871.8185 861.756 791.74615 749.0299 738.27686 669.22064 689.24695 736.5669 644.88654 664.3538 616.6064 599.1121 583.6238 592.53534 559.25684 536.53406 534.65967 500.88788 510.81882 519.0069 485.99146 
1203.0253 1000.0658 944.1631 883.0319 866.4913 828.5104 774.4492 761.16406 712.0355 751.0687 765.93225 570.86487 706.5768 655.3436 679.31604 656.56036 664.51825 618.38214 603.7159 643.70276 595.7251 631.437 613.18646 532.4893 
1867.4778 1844.5577 1769.681 1648.5696 1451.4304 1452.9103 1320.8813 1285.5311 1177.8362 1185.4653 1172.8379 1064.3209 1125.2549 1082.5387 1139.7238 1097.0076 977.7376 1015.1924 948.83264 963.2358 915.2581 908.35254 891.8777 884.54456 
2105.8862 1820.98 1567.7408 1594.6399 1484.6432 1009.93097 982.8346 861.46 861.59155 870.4374 865.4061 825.3864 830.58203 814.173 738.40845 782.67017 736.2052 764.45245 722.16376 722.98584 682.53864 666.0309 712.59454 636.6656 
2079.875 1581.3549 1271.4238 1218.2506 1078.9872 1009.70074 923.7751 882.73596 863.92633 788.951 758.30316 724.07104 724.99176 709.2075 628.0829 665.50476 620.19073 623.3147 636.3696 668.2999 632.65375 594.60706 609.1417 577.2114 
1536.1724 1032.292 1103.2885 925.1562 933.4758 867.9382 861.46 752.417 687.1095 703.9132 628.70764 654.4229 471.52252 845.6758 723.15027 593.3903 632.5222 596.41565 592.4367 560.24335 569.3193 551.4305 499.86847 537.98096 
2082.966 1782.6373 1626.8004 1438.8359 1369.0233 1286.3203 1059.8158 1034.002 812.59454 900.1644 936.96155 639.2634 845.4127 909.24036 924.2683 889.0825 943.1766 895.46204 822.98584 837.75073 779.4476 792.7984 738.0138 669.3851 
2310.9832 1800.0986 1700.0328 1494.2454 1432.1605 1282.2427 1220.2236 1217.6915 1058.1716 1194.4426 1085.0049 1078.6255 1081.7823 974.1861 1012.2986 947.94476 956.29724 886.2216 880.4012 822.22955 859.15814 827.4252 810.8517 814.8964 
1513.4495 1268.3328 1215.2252 1101.0522 1072.1802 1068.826 942.4202 942.8477 874.4492 918.87537 916.6393 821.21014 887.6356 833.01544 850.73987 805.3601 818.34924 810.6544 766.98456 809.70074 782.7688 784.08417 775.6659 707.7606 
901.74286 720.9142 694.344 614.6662 331.23972 586.123 455.90265 482.76883 455.27786 448.76685 439.55936 394.57416 424.3341 398.3229 408.41827 390.82538 391.48306 388.29333 365.73495 359.7172 346.6294 321.80203 314.43604 288.096 
195.36337 1301.2496 1060.901 924.1697 886.45184 803.4857 776.192 740.3815 671.62115 616.93524 555.0148 590.1019 582.3413 523.9395 549.8849 508.05655 503.55145 461.22986 462.41367 463.10425 428.6419 469.41797 448.56955 468.1026 
2004.1434 1767.3463 1477.343 1402.0717 1171.4238 1128.3131 1158.4347 1053.5679 1007.2016 929.0365 953.1733 959.22394 837.94806 948.6024 836.2381 839.29626 798.7175 799.5396 802.3676 765.3732 777.44165 734.98846 764.55115 760.4407 
1424.4656 1105.5902 956.33014 875.17267 751.20026 738.6386 672.246 661.72314 648.4709 554.39 583.06476 519.8948 486.58337 398.7833 502.56494 480.23676 440.44724 449.16147 447.02402 416.27753 459.65143 406.7412 444.7879 403.8803 
1787.4055 1504.9655 1480.8287 1244.492 901.08514 1146.5636 991.6146 968.85895 906.90564 946.99115 943.50543 836.5998 916.08026 849.75336 888.0303 828.0829 834.42944 824.7287 792.3052 811.60803 759.6514 776.81683 770.5689 677.44165 
2162.841 1820.4209 1618.7109 1430.2203 1304.1763 1214.5676 1190.365 1155.6067 1014.1401 1048.5366 990.23346 1035.7119 975.1069 955.14636 1023.9395 932.3578 993.8836 846.8267 933.147 878.0993 768.9247 834.3308 795.199 818.6452 
2608.8457 2258.369 2002.4005 1772.6406 1675.7317 1532.0289 1493.7191 1430.582 1253.6665 1308.7471 1241.8284 1228.5762 1119.3687 1098.8491 1146.4321 1055.7711 1055.5739 990.66095 1087.6356 1061.197 887.5041 954.45575 914.173 1008.25385 
536.46826 900.3946 324.9918 723.8737 684.0513 595.00165 560.67084 503.0911 503.0911 517.0668 460.86813 530.77936 448.37225 442.42026 402.56494 410.88458 403.91318 368.20126 359.15817 342.1243 328.47748 325.45215 307.62906 365.17593 
1493.193 1161.4601 939.4278 927.0635 829.69415 825.48505 770.3716 760.3749 746.33344 706.6426 671.9829 626.7017 632.4893 611.6409 546.728 575.99475 543.7356 557.218 521.96643 528.6748 517.49426 492.89706 489.3127 491.1871 
1444.0973 1457.6127 1178.3953 1033.9362 864.09076 857.38245 785.6955 673.95593 700.7892 646.6623 600.4275 576.5209 566.35974 482.3742 524.3012 515.45544 462.1506 475.53436 448.73398 429.95724 442.48602 402.10458 440.11838 352.28543 
3495.5608 2637.981 2369.681 1649.7863 1870.1743 1680.8944 1288.3591 837.0602 840.71027 799.0135 840.15125 1476.5867 1339.6909 1189.4772 1248.0105 1122.7886 1123.9724 1007.7277 994.4755 912.0355 881.71655 879.1187 802.3676 818.71094 
4115.9814 3408.3525 3107.958 2083.2292 3066.5242 1859.9474 1638.1782 1573.1338 1299.4409 1112.3314 1322.2625 1869.7139 1721.8678 1516.4749 1544.1631 1408.0565 1389.247 1301.9072 1274.482 1200.5591 1184.0842 1148.6354 1082.144 1168.2999 
1554.5215 1284.3801 1164.5183 988.951 964.6169 877.80334 759.487 796.1855 740.64453 724.49854 674.94244 656.7905 582.60443 592.3381 589.9375 526.6031 455.86978 430.6807 496.08682 519.4015 460.3091 503.2884 344.09735 367.3134 
1580.5656 1119.4673 944.9852 757.34955 737.88226 659.0266 565.0773 581.28906 546.6952 542.3874 494.44263 474.0217 373.0352 435.02136 446.2019 375.40283 485.99146 466.16245 362.1506 367.18185 314.20584 351.82504 315.5541 299.5396 
1478.6583 1499.8356 721.3417 1081.881 1021.67053 1009.1088 1012.0026 919.30286 799.0792 830.12164 806.05066 785.6297 710.32556 703.97894 695.758 665.4061 665.8336 629.2338 642.58466 607.07007 531.63434 576.5867 564.58405 583.95264 
2430.7466 1940.513 1636.0079 1374.8109 1246.3335 962.08484 1203.5844 1158.9938 1053.3378 879.4147 1005.8862 903.683 852.08813 796.44855 807.26733 819.33575 784.01843 797.89545 746.46497 883.4594 758.2045 658.30316 683.8211 428.74054 
2186.419 1666.7872 1479.316 1324.926 1134.1006 765.439 968.8918 1120.9142 1008.31964 876.78394 907.5633 819.9605 756.49457 713.5153 709.1417 681.8152 700.1973 676.488 620.32227 625.1562 655.7711 550.83856 570.24005 190.13483 
1266.8201 1179.875 1064.7814 870.73334 907.6619 808.221 800.75635 739.4936 701.0194 687.7343 660.1118 666.58997 614.43604 633.9691 654.88324 562.28217 622.62415 579.25024 400.65768 74.67938 307.1358 464.51825 426.47156 406.5439 
2174.515 1999.7041 1831.9961 1628.6418 1329.5626 754.06116 1183.3279 1124.7944 1059.8488 893.58765 891.6146 877.5732 875.89606 810.9175 790.23346 818.6452 744.91943 738.77014 703.61725 770.20715 724.46564 586.84644 682.3413 333.67313 
1553.3706 1249.7205 1101.4141 983.55804 964.6827 897.9283 882.73596 862.24927 766.1296 662.01904 819.533 851.23315 824.66296 819.8619 727.26074 755.4094 790.0033 736.2052 727.9842 718.38214 550.9701 563.6304 688.9839 700.9865 
2170.536 1881.3549 1624.5643 1390.9897 1455.9355 1377.1456 1347.9447 1225.7482 1230.4506 1177.343 1150.3782 1136.238 1122.3281 1040.3485 939.4607 951.858 1054.2256 1026.0769 1057.7113 1023.4791 1053.9297 1012.4301 968.85895 965.2746 
1476.4222 1260.5393 1176.6195 1005.1957 966.35974 867.87244 894.17957 860.24335 762.5452 527.39233 774.2848 813.7126 731.99603 733.64026 779.1845 761.3943 773.72577 673.0023 731.9632 708.0566 660.60504 688.0631 634.88983 653.07465 
1717.8888 1629.3324 1518.6123 1414.8307 1219.7303 1282.3085 1202.3677 1203.683 1118.2506 1122.7886 1055.7711 1016.3104 1035.2844 929.82574 920.28937 914.7978 822.4268 876.91547 850.24664 875.2055 822.3282 831.1082 812.98914 717.7244 
1842.8478 1133.7389 1723.8738 1533.7717 1300.0328 1294.1138 1228.9049 1194.9688 1133.8047 1083.591 887.40546 1014.8635 970.0427 874.51495 853.4035 833.01544 755.3765 808.81287 770.70044 779.64484 733.147 735.3173 706.37946 684.413 
2086.912 1440.8418 1535.9092 1577.5403 1338.5071 1315.587 718.0533 1101.71 1067.0833 973.95593 1224.4656 1046.9583 660.1118 967.9382 907.46466 868.4972 763.9592 787.6685 680.7958 770.66754 766.95166 678.6912 700.23016 643.2424 
1991.9435 1777.7375 1446.0703 1478.2308 1349.6876 1307.5962 1222.92 1123.5778 1079.053 1061.756 1025.9454 1060.638 966.32684 907.07007 863.8606 868.9905 811.14764 795.79083 745.44556 723.808 701.9401 702.4663 685.827 639.16473 
1375.633 1058.1716 973.16675 856.1329 749.5889 761.3285 701.0194 696.87604 646.728 654.6531 593.3574 563.2358 576.6524 563.9921 546.39923 560.1118 513.12067 550.3453 538.96747 536.9944 502.49918 516.86945 504.9326 485.33377 
1369.8783 1196.8103 1130.4176 1028.0171 906.90564 953.831 856.0342 857.6126 817.7902 775.074 701.8086 673.46265 687.1753 672.9365 653.14044 670.0099 610.8846 660.5393 656.88916 661.0654 625.91254 635.6462 623.57776 598.4216 
1430.0559 1171.3252 908.74713 981.881 901.8086 859.81586 825.6823 740.0197 765.2088 736.96155 728.6419 670.30585 658.0401 609.79944 563.2687 566.1296 541.7955 523.61066 521.3746 498.68463 537.4548 498.88196 518.71094 483.2621 
1748.4052 1395.9882 1021.14435 1081.026 1017.1325 969.64813 900.6248 781.4535 806.7412 734.06775 726.7017 694.344 667.37915 646.49786 608.81287 611.904 544.91943 575.3042 565.0444 510.91745 524.00525 496.02106 504.1105 466.8859 
1329.0037 1114.5676 769.41797 1310.753 1293.1273 1179.2502 1135.8763 1001.34827 931.56854 890.33215 842.25586 909.8652 879.0858 841.13776 904.2749 870.5689 863.7948 733.04834 807.6291 785.2351 327.8198 690.365 654.1598 691.4173 
2240.6116 2007.9579 1946.4978 1707.1359 1749.9835 1663.8606 1650.6084 1744.5906 1507.925 1608.5498 1518.7767 1548.8655 1473.8243 1458.336 1339.954 1405.2943 1394.7385 1238.8688 1335.0542 1333.2128 1202.565 1310.2269 938.9017 1695.0016 
2022.5583 1183.3937 1166.2283 1185.0707 1085.5968 1165.8665 1083.854 921.14435 981.32196 899.86847 903.387 860.7366 863.5975 842.02563 788.45776 766.2282 711.54224 740.71027 708.9773 629.79285 669.3522 629.9244 652.71295 601.973 
1274.8767 610.9832 1010.29266 991.12134 950.4439 734.1664 882.73596 814.8635 824.59717 812.59454 134.33081 0.06576784 179.05295 565.735 578.9214 587.43835 565.34033 549.72046 576.45514 523.64355 578.0007 566.853 502.53207 548.9313 
1920.8156 1520.1907 1181.0918 1201.8744 1087.1095 1062.2821 986.6491 950.24664 897.5337 855.8369 860.5722 794.14667 794.6399 769.5495 676.2907 684.3801 707.9579 718.38214 677.40875 675.17267 652.28546 617.0996 618.0862 587.0766 
2032.2592 1635.2844 1437.7507 1375.8961 1268.5958 1268.4644 1201.118 1015.91583 736.1723 1008.68134 980.63135 880.30255 869.45087 851.62775 807.46466 817.6258 775.4357 803.09106 786.5176 700.5919 738.0796 707.43176 726.96484 680.30255 
1260.3749 1226.6031 1439.1318 1229.9243 1252.3512 1124.071 1112.2328 1014.3045 988.6222 989.1812 939.13184 948.33936 898.45447 905.656 847.1555 753.60077 812.463 753.272 776.488 729.72705 718.1519 705.2614 664.3209 687.6685 
1333.5745 1030.4506 639.32916 841.7955 755.04767 714.3045 660.83527 570.20715 592.0421 558.43475 549.9836 519.4015 517.6258 482.07828 486.9451 502.00592 478.62546 447.68167 394.37686 406.5439 452.71292 420.51956 165.76784 184.8734 
1754.3242 1540.3485 1336.534 1273.8573 1180.8616 1015.6199 1077.4745 976.91547 969.3522 884.6761 888.655 873.95593 840.8747 850.70703 811.2463 812.759 794.37683 694.7057 755.6396 721.63763 701.414 781.71655 675.0411 664.45245 
1538.0796 1256.1 1040.4143 988.9181 907.07007 893.2917 857.5798 747.41864 800.6248 741.368 751.1016 726.636 716.47485 721.80206 741.4995 721.53894 653.04175 669.5824 648.5038 574.7452 613.61395 594.93585 610.9175 572.8379 
1174.0546 1030.1217 1052.0223 902.20325 799.441 797.04047 749.72046 714.60046 668.82605 623.54486 622.16376 542.09143 550.83856 526.04407 521.3088 518.38214 437.09305 469.02335 429.6613 441.86124 403.94608 394.01514 388.29333 369.122 
2015.8829 1773.2982 1534.2322 1527.4252 1427.8527 1262.7426 1332.2592 1202.6965 1209.0759 1102.5978 1094.344 1088.2933 997.9941 1005.5245 1010.78595 1015.291 748.79974 703.0582 906.44525 843.7356 832.98254 785.6626 804.8997 814.8635 
1883.5251 1535.9421 1483.558 1404.4722 1258.0402 1108.1223 1085.3995 574.7452 0.0 0.0 0.0 124.07103 907.3331 786.0572 806.7741 737.685 765.34033 730.22034 729.2009 814.173 765.6692 765.2417 649.81915 655.4094 
2045.7416 1766.1953 1686.8136 1459.224 1542.1243 1398.7175 1283.7882 1186.9451 1755.3108 1726.2085 1600.0986 1566.3926 1255.6396 1093.7191 1106.7084 1041.072 1056.6589 973.92303 983.91974 948.83264 789.1483 872.805 968.563 962.11774 
1615.7843 1318.6123 1088.951 987.01086 899.145 809.30615 790.8254 725.8139 725.1233 677.77045 582.60443 633.3772 579.4476 588.32623 563.2358 563.4002 534.49524 514.04144 511.0161 443.20947 300.29596 521.3417 484.57745 589.70734 
1171.6869 829.8915 681.22327 618.6123 573.364 526.34 514.99506 476.488 469.2864 450.54257 390.4308 417.72443 390.52942 394.93588 374.28476 376.6853 364.51825 348.53665 348.6682 324.9918 305.9191 257.21802 263.9921 338.6057 
1691.2529 1257.1522 1048.3394 935.5804 865.99805 751.4633 735.05426 683.0319 649.4574 627.4252 549.0299 579.9079 530.74646 535.2844 492.89706 478.49393 478.0993 462.21637 453.07465 369.18777 604.43933 671.5225 289.3127 9.339033 
1872.9365 1506.6096 1386.0573 1274.0217 1094.1796 1153.2062 1097.3364 1115.2252 1019.0727 955.2121 956.42883 906.47815 951.3647 889.27985 887.47125 897.04047 810.68726 863.8606 828.5761 823.97235 801.54553 827.6554 808.0566 787.9974 
1090.2664 879.3489 824.53143 774.12036 658.2045 691.18713 649.9836 662.8741 625.05756 625.222 580.69714 581.4863 585.7613 532.62085 544.3933 556.6261 484.97205 517.6258 502.4334 511.77243 478.7899 494.77145 493.16016 456.6261 
1542.1901 1258.0402 1165.1101 1061.6573 922.4926 950.60834 879.9408 880.69714 846.6623 808.9444 769.5824 754.8504 752.8116 710.72015 704.96545 703.94604 652.8116 616.1131 715.2253 696.87604 693.09436 700.9865 755.0148 616.2446 
877.86914 737.4877 626.07697 573.92303 507.10294 540.9405 469.9441 516.90234 488.22757 500.85498 462.01907 470.66754 486.25452 447.15555 473.26538 424.39987 393.2588 435.48175 432.39066 442.3545 418.67807 427.32654 415.22525 405.59027 
1541.4667 1353.6665 1265.2089 1162.8082 1033.147 1043.7028 970.3387 1002.3676 914.2716 919.5659 818.5137 895.1661 874.6465 804.3407 807.1687 801.77576 731.63434 774.48206 778.1322 806.1822 765.2746 785.8599 781.9796 743.2095 
1282.3085 1068.7603 1016.6064 934.7912 798.7175 738.6386 686.94507 736.7971 653.66656 643.9 586.02435 487.04373 598.4216 546.0046 544.52484 536.27094 479.02005 508.1881 488.85236 484.5117 457.8428 433.04834 428.44458 400.6248 
1360.934 1071.1608 991.779 880.3354 728.70764 715.6199 692.69977 695.9224 639.0003 599.8027 571.5225 549.9836 543.27527 513.2522 560.83527 547.4844 460.67084 507.00427 439.95395 502.17035 465.30746 467.57645 455.14633 436.79712 
1382.6044 1125.1891 973.56134 798.1256 841.0391 778.5926 738.73724 609.73364 551.1345 525.45215 578.29663 589.9375 555.50806 610.12823 545.3798 475.0411 501.77573 468.92468 483.6238 448.01053 440.7103 434.62677 424.071 430.6807 
1740.8418 1062.4465 1366.0638 1329.6942 1208.5498 1100.1973 1078.4939 1002.6965 953.7323 922.098 855.7054 831.1082 881.881 794.6728 853.3377 828.4775 806.41235 767.9053 794.7057 786.7149 783.4265 831.23975 739.9868 781.5192 
2219.566 1138.9674 1853.6008 1492.2065 1590.1348 1387.0437 1552.68 1438.0468 1423.2161 1196.5143 1257.7441 1338.244 949.26013 1265.1101 1180.3354 1034.1664 1103.3541 1089.4772 1118.9082 1014.50183 987.47125 1007.89215 933.7389 910.72015 
1639.0332 779.3489 1531.3712 1149.589 820.388 965.6034 1151.5948 1136.0408 1056.7577 1006.1493 536.3696 703.7159 994.2453 975.6988 942.58466 861.4929 749.35876 803.4528 763.2029 779.5133 744.8208 765.439 758.928 480.33542 
1344.6235 1145.0839 1188.9839 1113.9757 1078.2966 1034.4294 1016.2118 907.6619 1010.09534 890.06903 810.0625 838.40845 888.0631 813.7455 883.06476 847.6159 276.35648 872.9694 786.123 442.68332 545.2154 706.83984 712.4301 699.34235 
1564.3209 1282.9662 1306.6754 1280.8616 1098.29 989.1154 1097.7639 1033.41 929.2009 936.2052 432.78528 0.0 0.0 0.0 102.40053 858.5005 769.28644 760.9997 796.02106 780.5327 703.683 748.76685 771.71985 630.58203 
1362.3151 1365.8665 1165.6034 1038.9674 882.3742 883.6238 795.1661 789.27985 718.5137 687.47125 548.4709 651.7922 614.40314 573.2983 523.4133 497.27063 512.3972 540.2828 521.4732 529.2338 444.68924 498.1256 454.62018 417.42847 
4073.5942 3724.7288 3349.3586 2720.947 2643.341 2852.2854 2737.7837 2534.9556 2472.509 2327.6882 2182.2097 2196.8103 2050.148 2050.5098 2014.5018 1777.4745 1928.5104 1819.0726 1837.0273 1720.5853 1712.0027 1703.1569 1632.5222 1321.7034 
924.00525 932.4564 847.2213 743.66986 811.70667 749.39166 712.4301 720.5196 699.8027 643.5383 617.5929 658.36896 613.64685 604.1105 633.8704 566.42554 611.14764 574.08746 609.1417 569.4837 605.1299 607.89215 620.8813 595.6922 
959.4541 810.09534 725.5508 638.80304 666.1625 615.5541 619.9934 583.3607 584.61035 554.2256 541.13776 543.1437 502.2361 519.1055 549.8849 490.36502 503.71588 486.32028 494.6728 475.53436 478.36237 486.51758 464.4196 480.79578 
736.0079 666.39264 811.2463 793.12726 786.2216 682.0454 736.6984 711.11475 713.15356 642.8477 634.9227 572.47614 612.0684 605.2943 583.854 584.18286 242.81487 436.76422 730.77936 550.18085 253.92963 216.40907 521.3746 330.9109 
1116.409 1204.3407 1108.0565 1034.4952 971.25946 934.7583 866.0638 779.64484 837.4548 766.58997 772.67346 777.7376 698.91486 742.8149 710.32556 737.1917 706.80695 698.5531 484.54456 350.77277 912.3972 538.1782 556.98785 540.9076 
1768.3328 1573.1338 1484.6104 1421.9006 1294.3768 1285.5311 1212.6274 1097.7968 1077.3759 994.8701 961.26276 928.5761 837.2575 900.8221 857.31665 900.69055 815.1595 853.3048 570.8977 857.2838 830.023 715.88293 724.49854 730.22034 
1603.2885 1296.284 1095.2318 899.8356 966.1953 888.26044 894.7386 817.32983 752.4498 731.9303 695.2318 684.47876 644.49194 712.2986 631.76587 558.36896 605.7218 573.7586 583.49225 540.84186 538.6057 524.5643 502.59784 517.5271 
964.2223 953.9625 880.7629 816.6721 754.94904 667.77374 644.09735 587.86584 600.75635 604.99835 470.70044 509.37192 480.89444 487.3726 458.8951 481.91385 434.7583 417.3956 400.0 372.47617 393.48898 390.33212 328.87207 351.20026 
1132.7853 938.0796 868.76025 817.46136 759.6514 685.8599 689.67444 609.4377 631.9632 632.4235 538.4413 575.96185 542.8477 542.7491 504.43933 506.7412 495.56067 470.536 489.3456 459.58566 460.01315 554.7517 456.0013 470.83197 
1860.5721 1564.6826 1474.8767 1301.973 1263.6304 1251.529 1085.3995 1070.6676 1020.19073 1003.97894 944.7221 936.86285 963.5975 917.6587 980.4998 824.99176 868.5301 881.3877 821.60474 757.218 625.8139 418.1848 467.2805 590.8912 
1394.9688 1398.7833 1199.9014 1137.2904 1015.1266 984.4459 926.7017 855.7054 907.43176 815.48834 855.6725 808.4512 765.01154 745.1825 723.9395 727.45807 681.026 660.9668 645.61 623.2489 625.6823 625.3535 203.683 793.94934 
1722.098 1484.3473 1407.925 1266.3269 1231.4042 1138.4742 1097.1062 1072.509 946.46497 949.6876 918.119 794.3111 844.7879 795.6922 802.6965 769.87836 814.43604 754.7517 755.3107 763.7948 658.40186 805.097 1016.93524 1067.8066 
1589.7731 1379.02 1356.5933 1254.7189 1236.6655 1211.8711 1128.4774 1055.4423 1040.0854 1037.1588 1035.5146 914.46893 977.40875 928.34595 945.7744 893.09436 916.1131 903.8145 874.8767 885.43243 837.2575 850.21375 837.32324 762.5452 
2145.5771 1750.9043 1590.6938 1403.0253 1352.0881 1301.6771 1244.9852 1283.7224 1110.8517 610.49 1030.2203 1020.15784 972.11444 923.3476 935.44885 889.31274 899.9342 879.0858 829.69415 834.265 793.98224 806.6097 781.9138 688.4906 
2445.873 2165.7349 1844.4261 1756.8234 1651.2003 1467.5436 1422.8214 1295.6923 1282.5387 1228.4446 1039.8882 1108.0895 1042.7162 1040.6117 961.29565 950.9372 906.87274 853.63367 869.681 809.27325 826.2085 803.8145 746.6952 764.3867 
1053.7323 1014.3045 970.832 971.71985 873.66 760.24335 858.1059 804.6695 800.4933 753.272 663.8606 710.4571 670.9306 819.9934 876.42224 857.514 777.7376 846.39923 940.80896 643.60406 683.8211 646.0046 480.10522 565.4061 
1020.5853 781.881 556.29724 757.4482 525.2548 849.29297 781.8152 707.39886 720.19073 766.1296 755.50806 750.77277 668.267 581.9467 632.9497 593.94934 611.8711 562.61096 579.612 519.76324 471.02927 552.18677 542.22296 539.4936 
1435.0214 1201.6113 1104.1763 1098.5859 979.80927 958.1388 850.4768 852.1539 777.2443 680.23676 740.15125 697.7639 693.55475 636.0079 649.35876 625.222 585.3009 572.3775 548.1092 554.2914 541.7626 504.9326 539.9868 484.4459 
683.854 591.71326 548.9971 500.75632 494.11377 455.37653 74.35054 448.14206 372.47617 369.68103 365.14304 364.84708 337.8494 348.20782 341.17065 322.98587 328.51035 307.26733 314.5347 306.08353 279.44754 315.42255 305.2614 308.94443 
1313.2522 1097.435 991.12134 897.89545 898.9806 836.53406 797.1062 784.9063 712.16705 717.9875 662.15063 668.6287 624.9589 633.706 624.59717 583.1963 585.3338 563.8606 603.15686 636.6984 509.0102 539.4936 520.71686 562.05194 
1930.3848 1775.337 1453.0417 1476.5209 1356.1986 1292.1079 1195.7579 1178.3295 1297.6653 1370.2401 1390.9241 1292.6669 1248.8326 1008.4183 818.38214 875.0411 833.5416 823.9066 768.9905 770.0756 749.6218 717.85596 725.84674 706.2479 
747.6159 650.77277 628.8392 569.5495 507.69482 496.28412 461.49292 437.2246 422.657 423.7422 429.2338 409.40482 427.32654 408.87866 422.3282 399.30945 380.5327 387.66852 364.7813 369.05624 211.77245 291.4502 299.83557 286.35318 
1605.0312 1347.1885 1139.2634 1035.5146 960.63794 893.16016 891.18713 821.67053 802.8938 767.87244 663.7619 716.9681 697.6324 686.3203 653.9954 654.1598 631.437 566.294 574.8438 547.78033 589.5429 580.8287 499.30945 558.1059 
975.7645 745.314 595.1661 532.22626 541.5324 490.0033 472.6077 431.99606 429.8257 416.4091 360.2762 380.171 358.2703 329.69418 306.24796 335.2187 325.02466 299.5396 309.47058 282.2098 278.95428 280.40118 241.72969 260.9668 
1876.0934 1598.3229 991.3844 1341.4667 1381.4535 1051.266 1042.2887 1061.6902 984.6432 973.8902 964.8471 853.7323 881.026 852.12103 863.7948 797.36926 807.9579 737.91516 1086.4518 726.1427 677.1457 678.78986 648.2078 575.50146 
1448.8984 1287.6686 945.314 1238.2769 1188.1617 1189.7731 1105.8534 556.6261 1099.5067 891.64746 937.29034 964.51825 930.8451 883.1963 816.6393 829.8586 792.73267 813.7784 820.8813 777.1457 806.2479 774.6136 789.0497 751.8251 
978.75696 667.4778 793.7849 739.4936 727.7211 758.928 784.4459 753.86383 674.8438 871.7856 804.99835 824.7616 813.5153 774.3834 821.5061 773.0023 776.1592 758.5334 701.4469 717.001 679.87506 716.04736 685.03784 746.2677 
2001.8744 1587.537 1422.3281 1274.3834 1185.5311 1128.7406 990.8912 969.681 953.10754 846.89246 904.2749 850.73987 900.3617 791.8119 795.1003 776.84973 561.1312 699.9671 712.3315 719.8619 607.1358 694.6728 700.5919 642.7162 
1240.3157 937.75073 848.5038 767.74084 704.40643 692.8971 622.3939 618.974 597.1391 513.4824 558.43475 512.0026 484.6761 483.72247 511.70667 466.32687 435.44885 454.7846 440.2499 450.80566 434.59387 396.38278 483.16342 510.194 
13.285104 417.42847 1150.5096 1124.0052 994.344 962.5123 907.7606 855.6067 860.67084 781.8481 817.39557 820.28937 633.21277 738.37555 705.6889 738.6715 808.68134 830.58203 700.1973 690.8912 673.8902 666.35974 675.00824 638.96747 
