1977.0142 1823.6106 1774.9095 1585.564 1514.9293 1419.5659 1220.7169 1140.6117 1015.5541 1040.8748 972.3446 961.0654 889.51 833.60736 897.40216 859.15814 794.6728 874.2848 742.9793 809.2075 748.438 740.9405 718.5465 731.0753 708.5827 678.78986 700.69055 653.43634 657.84283 638.4413 566.7215 633.3772 605.2614 602.0717 597.00757 617.6587 600.7892 582.3742 601.4798 555.4094 566.294 552.4498 483.55804 529.5955 535.3831 549.78625 522.2953 529.5298 
1246.8596 1273.7587 1071.1279 947.81323 851.7593 711.6409 652.8116 658.928 616.40906 575.53436 501.15094 514.53467 511.27917 513.61395 473.92307 483.09766 453.69943 384.11707 415.19238 392.634 387.537 375.0411 363.3673 347.25418 332.06183 343.07794 308.1881 273.29825 238.40842 203.51859 168.62874 133.7389 98.84906 777.1786 511.83823 404.60376 355.08057 352.1539 322.22952 318.25058 319.10556 278.757 290.13483 273.06808 270.7662 249.6876 264.74844 259.487 
3720.092 3104.8997 3096.5144 2686.0571 2532.0947 2307.1357 2025.0905 2032.0289 1824.5972 1821.9006 1724.8274 1551.1674 1657.5469 1547.024 1551.8579 1482.9662 1471.1279 1410.0625 1320.0592 1323.6106 1281.3877 1255.3108 1112.1342 1004.7024 1088.5564 1045.906 1023.01874 995.95526 1000.72345 923.2489 892.7984 941.0391 927.195 880.4341 861.5258 783.16345 871.19366 815.6199 838.30975 784.6432 813.97565 834.2322 859.22394 774.3177 744.8208 754.686 699.73694 688.5893 
2157.1194 1759.0266 1643.8342 1518.6781 1332.1934 1340.5459 1223.3475 1213.2852 1123.2161 1112.4302 1071.6212 996.2183 988.655 933.9033 925.9783 890.5952 793.12726 849.72046 825.6495 814.04144 764.6827 773.0023 777.1457 697.2706 726.8004 682.3742 699.9671 674.3177 582.2427 633.3114 683.16345 671.29236 638.54 626.89905 658.17163 599.6054 609.5035 579.3818 545.8073 582.2098 505.9191 545.7086 524.2683 537.6192 501.34824 546.7938 541.13776 493.2917 
1601.7428 1258.5005 1162.052 1028.2802 988.6222 933.3772 825.7152 855.50806 786.2874 768.1026 732.4235 718.6452 696.9418 649.5232 681.5192 634.10065 646.53076 625.5837 571.391 615.1924 581.22327 589.0168 559.9145 559.1253 555.7382 527.85266 534.9556 519.1713 519.6646 513.02203 448.70108 489.44427 460.7366 464.48535 444.52484 463.9921 450.01645 431.20685 438.53995 428.28018 438.6386 437.75073 377.63895 438.34265 568.6945 511.54227 442.5847 422.8543 
1889.7731 1631.5028 1373.2325 1310.194 1220.8156 1070.9963 1093.5548 1004.01184 988.26044 917.6587 903.3213 875.0411 798.7504 776.38934 769.77966 773.2325 757.4811 649.35876 744.88654 695.79083 706.6097 670.7662 675.0411 665.439 632.8182 636.27094 640.2828 629.1023 618.67804 533.7389 588.5564 566.32684 561.4929 533.4758 563.66327 536.7971 532.5222 536.96155 519.69745 532.8839 535.84344 473.92307 526.93195 484.0513 580.73004 637.84937 550.0822 484.64322 
1380.7958 1310.753 1206.511 1051.9895 1066.3597 993.55475 958.0401 870.536 898.4216 842.7162 784.14996 805.3601 716.04736 756.6261 729.1023 631.5357 669.7139 640.80896 640.1184 605.1628 613.21936 613.877 571.1608 586.41895 549.81915 569.977 548.9313 502.10458 531.3055 501.4469 507.7935 487.47122 496.05392 488.03024 464.84708 476.58664 471.09503 463.5975 458.8622 414.69913 454.5873 435.48175 437.8494 418.28345 431.79874 425.5508 408.22098 425.84677 
868.36566 856.92206 724.2683 608.5498 619.5988 574.12036 519.1384 528.31305 504.34067 384.93918 286.78067 312.03552 117.888855 249.72049 481.6179 453.5679 415.9816 416.08023 392.14075 380.46695 320.2565 366.2282 344.91943 248.0763 356.95496 332.42355 341.23645 300.06577 296.1526 281.05887 267.01743 267.44492 282.24268 279.7435 274.0217 240.15126 262.01907 245.87306 248.2407 219.36862 227.29366 219.13844 236.86287 251.26604 280.89444 274.4492 233.77179 225.25485 
2115.8171 1923.808 1651.6935 1555.9684 1422.1638 1255.0806 1254.0283 1144.3933 1125.6166 1104.538 906.1164 1006.6097 975.0411 958.1059 868.9247 863.3016 900.3946 830.71356 816.6393 799.67114 823.8408 762.5781 664.6498 722.65704 670.3716 678.4939 635.2844 655.3436 654.7517 649.5889 623.808 599.4081 591.779 604.20917 540.0526 577.1457 543.5383 559.28973 519.9605 507.95792 522.4268 485.0378 508.6156 494.96875 519.5002 511.2463 462.97272 488.91812 
2115.1267 1628.4117 1433.3114 1227.1621 1087.0437 971.62115 901.8744 900.0658 870.4702 812.7919 771.1608 740.6774 729.36536 665.6034 668.0368 655.90265 617.36273 636.50116 504.0447 570.30585 543.3739 546.5965 503.8474 502.6636 473.6271 462.3479 453.69943 437.8165 429.10226 454.32425 399.40808 427.5896 383.29498 393.71918 370.27295 359.81586 373.72574 341.79547 332.5222 355.93555 416.04736 409.50345 360.57217 380.0066 297.9283 304.37357 309.47058 276.6524 
2062.019 1613.0878 1405.2615 1358.9938 1224.3341 1107.3002 1067.1161 925.222 956.52747 910.49 809.1088 861.9533 874.97534 891.64746 832.5222 842.7162 782.73596 777.3101 756.36304 612.3644 691.18713 685.95856 690.8254 640.9734 632.0947 575.33704 547.2213 530.6149 529.39825 494.5084 494.01514 458.13876 514.2059 452.121 430.58203 412.56165 407.72772 437.12595 450.24664 495.462 422.75568 402.33475 338.14536 318.8425 326.34003 251.43045 343.90002 351.23315 
1397.4679 1114.5347 937.98096 874.8767 821.96643 744.09735 757.8757 706.6754 674.2848 644.3275 526.636 561.3614 500.9865 518.25055 484.77475 469.2864 438.73724 407.69482 433.1141 396.77737 400.72345 427.98422 354.91614 412.23282 363.4002 356.8892 290.1677 378.82275 394.5084 375.07397 349.7205 356.6261 345.37982 388.3262 334.9556 349.45743 314.1072 342.1243 310.6544 331.4699 332.25912 305.06412 314.60046 302.4005 323.80795 323.28183 276.4551 278.62546 
1483.6567 1165.9323 997.9612 950.64124 907.7277 813.5153 770.9964 712.98914 702.4663 661.3614 566.39264 607.49756 577.80334 573.95593 536.5669 533.57446 515.0937 475.4686 320.51956 416.50772 422.59125 421.4732 366.16245 406.64255 394.90298 396.4814 410.09537 412.463 398.22427 383.6238 395.2647 362.74252 364.55115 336.66556 352.74582 362.11774 343.17657 357.11935 338.244 342.97928 340.84183 320.94705 333.41006 316.04736 333.27853 328.05 281.74942 307.10294 
2394.048 2017.8888 1781.2562 1562.2164 1522.953 1393.1273 1343.5054 1292.7327 1113.6139 1180.5985 1118.6781 1088.0303 1028.9707 996.1855 1003.6501 920.9471 929.9244 864.6827 809.1088 913.15356 755.1792 830.71356 786.35315 680.467 695.1661 721.9993 709.8981 692.14075 727.35944 682.44 690.72675 688.1947 620.8155 648.8655 619.9605 641.368 609.5692 620.0592 628.74054 567.97107 589.7731 575.633 571.95 588.39197 513.97565 561.19696 534.5939 558.928 
630.4505 432.78528 453.89676 403.55145 408.1223 355.47516 299.44098 299.83557 274.08746 308.68137 290.46365 267.44492 277.17856 230.38474 253.43637 246.46498 245.90594 231.3055 233.80467 229.36534 216.63927 211.96974 218.67807 202.6307 192.0092 192.92996 231.66722 201.2167 202.07169 188.06314 170.1414 190.62808 187.04373 189.83887 183.52516 175.50148 194.2782 161.98619 179.94081 150.9372 179.80928 164.74844 165.17593 159.9145 155.50806 181.22328 143.93292 148.99704 
1318.1848 931.8974 657.7113 490.82538 454.52155 395.9224 420.8813 315.9816 343.3739 350.18085 366.32687 342.1243 313.5482 304.4722 278.23083 251.00296 247.45149 222.85432 238.57285 235.54752 228.60901 209.43768 206.18217 216.01447 198.09273 168.6945 125.48504 172.1802 150.01645 153.83098 133.5416 146.10326 190.5952 184.41302 187.20816 179.71062 142.88063 173.39691 170.83197 163.23578 172.67346 138.93456 159.58566 149.26012 151.20026 140.64453 147.78033 144.65636 
839.82245 677.6389 582.70306 522.2624 480.13812 429.92438 406.5439 384.74185 327.6225 347.02402 100.526146 226.60309 249.85202 230.878 265.2417 270.00986 274.0546 248.37225 251.66064 248.56955 204.11049 231.23973 216.40907 200.2302 191.6146 195.88951 192.8313 183.4265 183.98553 193.02861 194.17955 192.8642 168.1026 172.27885 162.34792 153.04176 135.44887 149.39165 190.72673 164.09076 171.09503 152.68004 162.7754 158.82933 143.01216 152.12102 134.1664 135.90924 
1112.3314 1015.6199 931.17395 908.221 795.8566 793.52185 677.83624 715.52124 670.0427 534.65967 597.6652 558.5663 555.08057 510.88458 511.83823 499.47385 491.05557 468.2999 403.4857 457.8757 466.0309 206.47813 298.61887 266.853 322.62415 318.31635 323.18317 334.03485 305.2943 252.94312 293.2588 179.48044 72.278854 5.261427 110.25978 364.97864 326.47156 282.4071 421.4403 344.39328 200.06577 281.32193 352.9431 257.6455 289.87177 239.0661 246.33345 207.1358 
2077.0142 1643.8672 1291.6146 1247.2542 1146.6294 1061.789 1058.4347 981.5192 932.7195 968.0368 804.60376 854.94904 841.13776 769.3193 718.1519 738.4413 635.02136 747.91187 701.31537 674.7452 670.536 648.33936 574.12036 620.15784 592.8971 589.5429 530.5163 528.1815 536.7313 495.13318 509.7665 475.17264 524.53143 530.9109 490.59518 510.29266 474.58072 483.68958 444.06445 323.1174 474.15323 426.50443 509.43768 299.50674 242.91351 663.46594 796.3499 590.75964 
2345.9717 1630.878 1465.2745 1289.8717 1165.6692 1057.0208 849.22723 911.60803 831.4041 815.6199 742.05853 719.1713 695.6593 654.686 643.8014 598.7175 587.04376 575.60016 488.65506 545.54425 514.9293 490.03616 477.04703 482.4071 481.84808 470.24005 487.80008 460.9668 452.3841 485.20224 435.87634 434.9556 411.14764 411.2463 390.36502 352.48273 412.95627 370.60178 377.40875 360.3091 369.41797 362.70963 254.09406 305.55737 304.40643 307.10294 310.16113 308.05655 
1752.3512 1614.5347 1321.2101 1313.9099 1270.0757 1229.9901 1151.6935 1147.4186 1098.0598 1015.1595 1003.8803 941.17065 937.75073 877.4745 739.0003 794.2453 707.30023 727.49097 596.7116 784.08417 705.656 658.6649 652.3183 578.0664 667.01746 643.7685 585.7941 594.6728 570.1085 572.246 538.5071 539.4936 537.1588 534.52814 534.9556 502.6636 517.0996 519.9277 447.74744 498.09274 465.60342 465.93225 191.35153 481.25616 467.74088 437.88226 419.56592 379.316 
975.33704 929.0036 831.4041 740.8747 711.4765 644.52484 605.7876 590.4637 515.2581 561.7889 512.6932 513.7126 472.24597 484.61032 482.96613 450.60834 453.92963 420.12497 428.0171 420.2565 356.8563 344.49194 0.0 0.0 0.0 0.0 0.0 0.0 452.05524 776.0605 524.66296 449.42453 382.67017 384.54456 354.35712 350.4768 324.69583 309.7665 322.8872 303.58435 304.7024 280.43408 302.0717 290.7925 260.44064 218.8096 260.2762 267.74088 
750.18085 496.08682 458.5334 418.1848 364.7813 385.0707 358.00723 353.53503 331.33838 329.2338 316.67215 292.00922 276.8826 277.3101 273.65997 242.09142 230.81223 235.67905 225.74811 217.13252 200.32884 205.16278 219.23709 209.79941 226.24136 207.79349 186.18875 197.04045 152.3512 189.44426 172.3775 161.82176 195.62643 196.61296 189.7731 169.84544 172.805 161.72311 164.1894 161.62447 145.77441 157.31667 145.84018 142.22295 149.75337 148.76685 140.9076 142.9464 
1111.2134 1018.80963 884.57745 829.82574 716.6721 684.2486 697.40216 689.6087 646.6294 626.93195 535.8106 609.5692 587.7343 593.489 587.0766 617.92175 541.3022 510.194 529.36536 380.9602 510.91745 527.6554 550.3124 525.02466 473.7915 451.7264 458.73068 455.34363 433.9691 394.80435 392.89706 370.99637 397.66525 287.60275 305.42584 343.73563 319.9934 329.8257 329.56265 336.13943 338.8688 322.98587 338.53995 319.50015 319.6317 322.1309 297.07333 318.87537 
1598.5859 1463.3673 1249.8191 1016.3104 1073.0023 981.19037 970.7662 813.58105 887.40546 864.3209 771.22656 392.4367 0.0 0.0 0.0 0.0 0.0 1431.0425 1054.8503 843.7356 793.8178 736.10657 711.2463 736.6984 658.2374 644.196 651.8251 590.23346 625.2877 574.8767 601.0194 570.3716 572.73926 568.20123 526.6031 535.97504 505.88623 511.2463 503.71588 448.6353 489.14832 465.6363 478.7241 459.78296 465.07727 464.35382 437.91516 442.28873 
500.26306 509.50345 479.28314 458.73068 364.8142 398.91483 364.45248 345.4127 294.44263 323.93948 345.51135 336.23807 307.62906 261.9204 269.91122 255.86978 232.25912 252.31831 230.02303 234.69254 218.8096 215.88293 214.732 200.5919 203.683 193.42322 172.50905 183.09767 170.04276 182.07826 179.57909 180.10522 170.43736 164.35384 166.6557 158.86221 163.00558 156.13286 157.2509 165.0115 151.36469 165.89937 161.39427 162.67676 156.659 156.95496 128.97073 159.38837 
288.88522 1052.417 901.4798 795.2647 651.1345 618.0533 644.8208 617.2312 0.0 414.37027 698.22424 619.1713 610.09534 565.89935 558.30316 548.7011 527.5567 521.80206 486.81354 487.83295 463.63037 453.04175 409.5692 400.8221 302.13745 420.6511 439.39493 439.6909 381.88095 399.34232 368.26703 365.0115 344.72214 338.77014 335.44885 239.23051 281.35483 296.61295 337.1917 317.32983 279.64487 301.8744 283.49228 288.3262 295.19894 306.83984 297.00757 285.8928 
2291.8777 1829.7928 1732.6208 1692.2394 1655.9027 1578.5925 1388.3262 1395.3962 1191.4502 1223.4133 1210.7202 1002.4334 1068.5958 961.22986 917.26404 712.7919 730.4505 737.2246 745.61 780.3683 842.1243 793.8836 701.2167 721.9007 743.1437 703.61725 709.9638 622.8214 626.27423 616.3433 575.074 536.5998 521.4403 540.4801 625.2877 581.19037 633.9691 552.1539 584.2157 546.8267 479.38177 484.64322 469.7468 517.1325 518.5137 520.74976 507.5962 450.5097 
1302.3677 943.341 961.4272 843.04504 818.87537 748.5695 736.92865 707.366 654.2914 654.55444 612.759 614.40314 605.2614 525.02466 583.49225 547.6159 529.2338 510.85168 521.9336 509.53635 507.49753 534.42944 227.49095 502.00592 394.83722 378.65833 406.44525 406.1822 426.57022 404.96548 406.05063 422.1309 387.80008 387.5699 373.72574 388.7866 394.2453 356.36304 392.2065 374.8438 390.06906 375.73166 383.29498 371.25946 359.22394 380.40118 365.96515 375.2713 
2084.676 1602.828 1596.317 1425.9783 1391.0885 1268.3328 1235.6461 1151.3318 1065.9651 1079.316 988.5564 1031.5028 965.7678 836.1723 923.54486 882.3085 880.73004 825.222 815.88293 862.61096 799.3752 838.9017 817.0996 708.71423 535.12006 700.8221 602.3676 667.80664 692.2723 574.05457 584.8405 574.7452 555.96844 550.5097 522.22955 560.0789 567.80664 505.55737 561.3943 519.30286 528.8392 505.09702 519.0398 526.34 494.6728 491.4173 465.76785 495.9553 
1889.3785 1554.7517 1447.879 1292.0421 1202.9924 1187.3397 1042.3217 1053.5022 977.80334 997.04047 962.3808 823.05164 883.6238 844.85364 855.1792 809.0102 823.1174 791.4831 769.25354 576.6853 719.1384 543.8343 527.8198 488.951 526.53735 513.97565 525.3535 488.7537 500.13153 500.49326 479.80927 502.10458 482.99902 495.42914 487.99738 442.19006 484.90628 457.71127 467.57645 452.81158 469.35217 461.85464 441.56528 453.69943 423.7751 433.70602 417.03387 386.22165 
1832.0618 1239.3292 1050.9043 1009.79944 929.9901 887.9316 916.40906 751.7264 797.36926 753.272 668.6945 722.55835 665.0773 677.86914 611.57513 612.3644 638.2111 619.4015 642.8806 594.2124 634.6268 636.3696 591.71326 619.26996 621.0786 680.63135 603.4857 584.7419 575.6659 567.6422 603.3213 415.22525 597.40216 563.49884 464.45248 503.0582 484.64322 485.85992 465.76785 467.51068 445.51135 259.35547 400.95364 425.32062 423.64352 415.3239 264.71555 0.0 
1156.1328 965.439 479.71063 701.4798 756.6261 680.5327 677.4745 623.9066 563.66327 599.27655 538.5071 592.50244 553.60077 551.3318 506.9385 522.62415 518.84247 486.22165 486.81354 479.38177 495.85663 507.62906 454.1927 474.54785 459.88162 464.09076 442.68332 451.75928 438.40842 416.1789 414.79776 382.70306 457.54684 441.79547 387.80008 421.96646 398.84906 411.18054 391.94345 391.6146 396.25122 375.10687 390.1677 366.95166 384.5117 385.13647 339.32916 371.85138 
1259.9802 1041.8284 954.91614 863.3016 785.6955 772.50903 709.076 707.5962 678.03357 564.2552 621.57184 583.06476 587.37256 546.89246 568.4643 557.4811 539.78955 557.94147 542.25586 519.4673 536.0408 505.98486 544.6893 519.8948 532.7195 497.50082 396.87604 578.6254 492.6669 431.53568 404.1105 423.70932 432.6866 386.15588 418.3492 397.9612 409.93094 396.58008 404.60376 406.21506 395.98816 401.1838 382.76883 397.20486 396.1526 359.7501 392.4038 375.56726 
1706.6754 1370.536 1250.2137 1131.733 1068.1025 1039.4935 895.1003 941.3351 870.5031 888.655 813.877 828.1815 819.9934 736.6327 828.5432 733.67316 794.2782 755.7054 698.0599 723.05164 490.03616 745.7744 623.4133 621.96643 681.74945 618.4479 682.44 632.8182 652.61426 600.65765 512.19995 411.96976 650.83856 722.8214 639.39496 613.58105 668.9576 678.7241 706.01776 705.8862 704.7024 782.53864 472.8379 902.95953 1410.1283 972.8379 715.98157 522.8214 
1375.6659 1268.2341 1083.4594 1045.7086 947.6488 935.6133 441.30222 688.7537 777.34296 720.9471 718.74384 642.8149 675.60016 684.7747 649.35876 604.43933 651.69354 647.1884 675.6988 577.37585 618.4808 572.5748 631.60144 574.6465 446.03748 641.56525 438.21112 507.26733 506.41235 500.0329 530.6807 429.2338 533.08124 463.63037 519.5988 511.77243 519.6317 522.3611 467.21472 472.6077 446.99112 458.33606 453.66656 405.39297 438.50708 419.73035 431.23972 410.58862 
1955.0148 299.40808 1243.8672 1268.9905 1252.2526 1216.6721 1085.0049 1128.5104 1070.1414 1079.316 991.18713 1000.5261 943.1437 890.33215 916.86945 922.4268 928.74054 966.0638 869.7139 923.9395 907.9908 801.9401 790.924 816.93524 823.7751 942.1243 945.1825 849.0628 875.633 805.9191 687.241 552.8116 876.32355 835.6791 646.36633 436.50116 499.86847 444.7879 507.62906 578.4939 612.463 626.636 387.70142 769.0891 824.6958 474.18613 339.85532 521.4403 
809.5363 2562.348 2135.712 1867.2805 1804.2749 1602.4663 1568.2999 1416.5406 1374.0875 1426.0769 1262.907 1203.2885 1197.7968 1166.5242 1155.9355 1082.9332 1118.3821 996.84314 949.42456 1072.9694 971.1608 1004.0776 923.2818 919.0727 845.97174 839.099 838.6386 785.53107 780.1052 770.20715 454.85037 958.5991 899.70404 949.85205 889.0168 875.56726 823.57776 812.9234 773.66 762.67676 771.9171 733.2785 766.75433 753.7323 665.8336 748.0105 733.01544 757.6784 
2033.5416 1691.779 1632.9497 1437.5863 1375.0411 1253.4364 1267.708 1243.0779 1183.0648 1189.7073 1111.2134 1101.1838 1095.4291 996.3499 1048.5038 982.9004 1016.2118 986.1888 979.64484 958.1388 877.37585 878.75696 809.66785 886.5505 868.5959 775.53436 861.22986 802.20325 820.8813 790.924 800.9208 794.0809 757.514 770.27295 746.5965 748.9971 740.64453 672.64056 728.37885 706.7741 727.754 694.14667 708.1223 705.8862 678.1322 695.95526 742.2887 697.0733 
1995.1003 2017.3956 1756.955 1567.9382 1264.2223 1287.8987 1050.8385 1239.4607 1000.13153 969.5166 898.586 784.8405 911.67377 819.33575 814.99506 787.89874 869.81256 912.13416 893.8836 897.172 830.878 820.4538 831.8974 759.84875 803.12396 784.6761 774.6465 755.0148 695.199 721.80206 705.9191 722.7886 671.5225 672.3446 655.8369 634.85693 668.33276 638.30975 596.7116 621.21014 563.4331 605.2943 559.15814 562.11774 596.1197 584.8405 541.56525 519.829 
1776.6525 1365.4061 1252.976 1086.4847 1049.0629 995.199 918.77673 946.95825 842.1243 861.29565 859.9803 778.9872 806.1822 757.38245 752.61426 709.0102 715.5541 675.074 619.36865 614.8306 586.35315 685.2022 659.7172 575.40283 652.08813 638.0138 634.7583 605.5903 574.90955 578.0664 545.7086 558.82935 528.31305 300.65768 763.56464 672.2131 521.57184 469.122 474.0546 454.88327 465.11017 492.07498 444.3275 440.44724 460.83527 535.12006 496.9089 343.27524 
2375.633 1978.5597 1891.516 1711.2792 1432.8181 1503.4528 1382.1769 1361.0983 1248.3394 1216.7379 1199.1779 1111.2134 1151.4304 1072.6077 1171.1608 1143.9329 1024.9589 1069.681 939.4607 951.0358 903.15686 887.2081 922.3282 888.4906 981.5192 897.89545 917.5271 886.35315 743.99866 905.06415 878.6254 870.3716 829.4311 833.57446 790.5294 769.25354 795.03455 757.1851 772.1802 771.4896 718.67804 792.07495 790.06903 787.1424 746.0375 760.60504 742.486 710.5557 
1122.098 937.75073 742.8149 652.3512 593.52185 566.1296 538.0138 501.6442 528.9707 461.85464 454.15982 500.09866 348.33936 444.52484 438.93457 446.95825 430.08878 432.85104 429.29956 210.8517 383.36075 283.72247 314.14008 351.5291 332.06183 356.29727 324.23544 323.05164 311.6738 313.84412 304.538 284.77475 288.7866 290.49655 317.26407 303.97894 241.66393 283.16342 256.52747 272.27887 259.0595 251.29892 252.28543 244.65636 251.23315 248.33936 255.96843 268.0697 
1065.6692 948.83264 914.7649 865.7678 748.79974 798.25714 731.7001 734.7912 685.0707 670.9964 641.8941 689.83887 601.8086 523.7751 649.9507 628.5104 571.68695 593.2917 511.96976 514.00854 498.5531 440.34857 552.7787 510.95035 535.2187 501.94016 515.1595 486.78067 412.23282 515.587 496.6787 495.16608 468.36566 472.44327 424.66293 426.93192 447.28708 425.5508 417.6258 444.95233 415.9816 458.1059 444.39328 460.2762 435.7777 447.91187 432.8839 423.87372 
1228.6418 954.48865 826.3729 782.3413 687.7014 695.9224 663.9592 541.0391 639.29626 556.6261 577.1128 538.83594 558.43475 563.07135 542.3545 566.0638 313.25223 494.5084 516.5406 488.45773 501.47977 468.66162 485.30087 462.44656 471.9829 467.0832 434.23215 426.636 399.86847 440.54587 452.08813 407.95792 443.66983 416.70502 430.22034 413.77835 424.9918 422.9201 405.03125 417.06674 396.34988 403.71588 403.15686 363.07135 400.16443 384.0184 394.87012 376.4551 
1667.8724 1265.5376 1116.6721 979.0529 949.32587 888.655 745.2483 792.69977 678.4939 690.0033 623.9066 610.3913 604.04474 541.66394 545.1496 517.85596 536.6327 529.0036 486.05722 507.62906 486.18875 468.23413 435.08713 424.23544 305.39297 645.5771 529.4969 414.23874 428.97073 414.7649 375.96185 407.95792 385.79416 384.64322 367.97107 361.1312 344.72214 313.38376 340.54587 324.59717 323.28183 316.4091 299.9671 319.30286 305.09702 309.93094 295.2976 299.90134 
1083.854 760.3749 751.1345 645.93884 633.3443 556.88916 542.486 524.7616 486.682 502.4663 478.7899 512.98914 498.1585 463.3673 516.50775 480.63138 489.44427 456.06708 449.62183 449.02994 419.17133 426.10983 418.3821 443.1437 430.4505 403.8803 438.57285 429.72705 430.81223 410.58862 422.8543 406.7412 422.45972 413.877 382.01248 386.74777 378.16507 345.8073 484.0184 438.8359 423.67642 393.8836 390.9898 378.5268 357.18515 378.85565 305.09702 247.31996 
1876.4551 1512.5616 1191.2529 1134.7911 1051.562 389.41138 932.4564 881.12463 855.7054 781.9138 808.3854 746.6952 742.3545 731.9303 678.26373 707.85925 666.8201 662.24927 622.2953 618.0862 631.14105 585.1036 638.83594 594.4755 597.5008 556.0671 529.9573 580.73004 548.76685 558.30316 534.2979 542.8149 506.31372 481.9796 523.64355 488.68793 489.3456 518.31635 466.06378 481.74942 475.40283 532.7524 504.9326 460.2762 446.13614 443.70273 454.32425 434.10062 
1019.2042 831.437 730.5163 649.85205 617.5929 583.6238 502.33475 525.3864 487.537 488.03024 449.0628 431.30548 489.7402 436.2052 446.56363 415.22525 417.3956 416.3762 386.18875 405.03125 370.3387 376.61954 349.42453 330.61493 356.29727 331.1082 338.40842 325.5508 330.7136 323.5449 284.93918 270.89774 288.5235 285.00494 260.63794 230.58205 272.70636 301.8415 292.8313 274.2519 280.9931 272.90366 245.24828 258.99374 245.67577 249.19435 240.57875 237.75073 
1463.3015 1145.8073 1000.4604 897.1062 794.6728 626.6031 774.12036 683.8869 611.2792 587.01086 574.778 477.8691 519.8619 502.6307 507.43176 478.62546 415.5212 445.05096 413.15356 154.42288 578.26373 494.57416 374.35056 368.59586 376.29068 329.0694 358.3032 353.40347 316.24466 339.2634 321.76917 328.74054 318.64517 307.49753 276.15915 293.6534 284.6761 255.73825 269.68103 260.01315 252.64716 272.21307 267.34625 270.43735 245.90594 264.97864 246.36633 238.90167 
1496.4814 1304.834 1054.2584 1089.3127 983.4265 960.3091 878.9214 866.1625 839.78955 794.4755 813.877 748.0434 752.61426 760.9339 677.4745 708.1881 672.805 684.8734 639.4278 645.44556 636.6984 598.6189 613.6797 585.43243 608.81287 601.3811 537.71783 586.1559 556.1329 570.8977 548.2407 556.72473 553.86383 530.023 541.0391 521.24304 553.1733 555.3436 476.6853 510.06247 498.45447 517.7573 492.10785 502.13745 487.63565 470.40448 487.04373 461.06543 
1580.4669 1182.736 1001.54553 801.2167 815.0937 716.3762 682.9004 619.76324 613.2522 589.6087 566.88586 584.3801 534.7254 542.25586 547.78033 497.50082 529.4311 484.70898 502.00592 462.08484 475.79742 466.82013 432.81815 444.03156 421.30878 435.12003 432.7195 382.57153 416.83658 392.23938 405.98486 391.68036 394.3111 381.1904 362.31503 354.06116 334.561 323.0845 317.88885 286.4518 309.9967 301.34824 303.81454 280.2039 286.22165 277.21146 257.4482 247.38573 
1604.3735 1377.8691 809.0102 919.1384 854.91614 826.9977 801.6113 729.9901 731.5028 678.85565 673.10095 674.3834 593.7849 617.9546 585.46533 585.56396 553.831 565.14307 558.79645 519.1713 529.33246 506.05063 349.4903 419.89478 535.1858 779.1845 383.72247 366.4584 352.02237 358.5334 354.42288 332.48932 350.9043 325.7481 313.61395 341.927 315.42255 339.85532 320.2236 333.9691 319.9934 327.26077 322.16376 311.11478 317.65866 306.41235 306.1493 268.56296 
1588.8853 1188.7537 918.94116 845.8402 847.583 832.02893 729.5298 700.1644 727.39233 654.48865 666.6886 629.2338 724.10394 661.9533 0.0 0.0 0.0 188.52351 485.43243 499.93423 507.62906 376.98126 329.72705 257.0536 311.27917 285.43243 335.87634 372.96942 376.15915 557.31665 344.65637 331.76587 277.8691 293.75204 291.58173 254.29135 275.96185 287.17526 296.08682 270.24005 267.60934 251.23315 249.35876 246.33345 165.40611 209.56921 224.69583 220.74976 
1791.6146 1454.4229 1267.412 1020.4538 1041.1707 891.31866 856.92206 749.26013 657.74414 642.3874 564.12366 560.1447 519.5988 473.92307 506.47812 476.8826 499.5396 524.82733 583.3607 497.1062 459.88162 495.16608 424.46564 471.12793 471.45676 441.23645 419.7961 364.6169 391.74612 356.0013 380.40118 366.6886 365.6692 272.90366 306.1493 350.0822 311.0161 308.51694 304.60376 312.03552 321.04572 362.3479 369.38507 315.85004 289.18118 310.95035 289.5429 303.97894 
1292.4366 906.47815 787.86584 722.3611 676.7511 579.5791 517.32983 503.5186 430.2861 426.43866 405.45874 426.57022 382.73593 403.58435 457.0536 413.94278 376.55377 357.48108 279.61197 450.11508 376.9155 401.34824 234.46234 785.2022 462.44656 336.04077 366.55707 349.62183 329.92438 321.50607 350.0822 253.73233 431.1082 420.4867 393.35745 351.66064 280.23676 251.49622 284.41302 277.96777 259.58566 353.73233 345.1825 361.78888 361.78888 369.9441 346.3992 351.06873 
2178.6584 2020.0592 1734.0677 1608.9773 1490.9897 1366.1295 1350.6084 1243.7028 1237.6521 1200.9208 1075.0411 1112.5945 1036.271 905.2614 886.2545 573.06805 932.4235 760.67084 834.65967 834.03485 781.8152 785.3338 736.10657 793.7521 328.44458 291.71326 1091.3516 1159.4541 1022.4926 595.59357 586.84644 555.90265 544.06445 516.2118 505.7218 521.0128 500.4604 483.91977 488.7537 500.55902 473.98883 470.10852 483.75534 471.3581 496.4814 484.31436 507.72772 571.68695 
1314.3374 1195.6593 1014.3703 940.9405 838.96747 805.7218 757.38245 680.0723 702.6636 672.70636 657.514 647.41864 574.97534 591.64746 560.7695 568.1684 528.1486 517.49426 469.15488 484.57745 478.92142 472.67346 480.0066 467.44492 418.0204 451.46335 411.2134 412.92337 395.13318 401.414 393.94937 373.92307 383.95264 360.17758 370.04276 373.7915 333.64026 356.1986 334.65964 343.7685 329.20093 327.45807 324.86023 313.25223 319.76324 305.88623 314.23874 297.5995 
2105.393 1464.7484 1385.564 1197.0076 416.67215 600.75635 862.8083 853.53503 774.3505 711.70667 695.46204 721.21014 704.20917 632.9168 657.2509 618.6452 597.6652 579.1516 565.3732 566.0967 539.0003 541.7626 472.50903 427.91846 486.35318 444.7879 465.30746 440.11838 441.7297 454.09406 476.98126 443.90002 422.62415 441.43375 417.7902 416.7708 395.65933 377.24432 401.31537 394.57416 399.9671 401.08517 403.0911 395.85663 374.8109 382.2098 367.34625 387.83295 
1423.808 1235.8435 1145.2483 1012.10126 982.17694 927.0964 862.5123 848.0105 798.3558 793.7849 784.9063 693.58765 712.0026 663.0056 661.3285 623.57776 575.96185 662.11774 551.0029 559.5199 534.7583 537.0273 545.1496 534.7254 660.7366 529.9901 493.42322 458.99374 445.93884 427.3923 403.4857 410.09537 379.25024 392.37094 410.91745 364.87997 404.66953 404.76816 425.05756 380.5327 375.17264 363.07135 363.10425 369.7139 348.6682 358.63202 353.1733 296.28412 
2076.3564 1663.1371 1296.054 1342.4531 1153.5022 1065.4719 938.83594 911.345 861.9204 806.2151 831.9632 750.3453 731.0424 713.318 631.7001 647.2542 610.5228 622.098 579.3489 579.4476 571.3252 528.5104 536.3696 507.49753 507.95792 507.26733 451.82504 485.85992 453.40347 467.54358 449.9178 445.34692 439.52646 421.6705 427.45807 413.41663 414.0743 438.40842 371.85138 399.40808 386.22165 405.85333 385.99146 377.01413 363.5646 351.9237 360.11182 344.52484 
2678.461 2140.5789 1901.6442 1675.633 1628.6418 1537.7507 1394.8701 1422.098 1322.69 1314.6663 1199.145 1071.5226 1086.5505 1021.24304 1045.5771 988.5564 1009.73364 981.28906 902.76227 967.149 873.03516 865.7021 871.3581 784.0513 817.001 771.09503 781.15753 752.1539 761.0983 751.3647 706.7741 725.41925 686.4847 703.8474 688.0631 629.8915 670.0427 643.70276 658.00726 625.05756 634.46234 618.2177 596.2183 604.37354 578.6912 586.5834 588.9839 512.95624 
435.05426 454.1927 365.70206 327.65536 244.45906 82.834595 166.03091 242.35449 233.24564 237.45479 214.56758 223.21605 206.67543 209.1746 193.52187 196.18547 189.90463 172.47617 174.77803 166.35976 171.09503 158.59915 61.756 82.73594 141.82834 160.7366 141.82834 148.30647 146.59651 139.39494 133.17987 130.54916 134.85695 132.42354 119.99342 126.60309 122.26241 127.49096 121.14436 121.24301 118.743835 116.37619 116.44196 110.81881 111.14765 114.79777 95.363365 109.79941 
1310.6215 1033.4758 963.7948 864.7813 779.1845 762.7425 676.84973 671.7527 652.1539 583.59094 602.4005 576.2578 599.5067 537.84937 537.52057 516.47485 478.49393 485.00494 460.44064 470.1414 449.39166 394.4755 447.94476 415.85004 424.3341 403.61722 407.8264 409.6021 387.50412 375.8632 372.64056 385.0378 380.23676 348.24072 370.5031 351.89084 361.49292 341.43375 345.70865 340.31567 329.43112 334.82407 318.97403 327.22787 323.84085 285.13647 318.51364 299.3752 
1439.2305 1171.6869 1067.9711 937.5863 925.1891 846.46497 866.6228 844.5906 763.53174 756.92206 724.1368 660.24335 719.4344 647.583 671.22656 621.60474 620.4538 603.2884 456.4617 598.5202 552.02234 549.72046 552.21967 488.03024 514.43604 483.52515 494.63992 478.92142 487.3726 481.3877 452.21967 461.9533 431.83163 442.25583 434.82407 378.7899 408.6156 398.05984 400.16443 385.43243 398.25714 386.02432 374.4492 377.7047 359.2897 370.3387 363.4002 291.94345 
1527.6882 1004.242 1239.7896 1025.1562 1074.0217 1018.5465 967.87244 838.2111 854.52155 808.81287 813.7455 761.9204 765.14307 770.20715 722.0322 728.70764 689.0497 539.19763 668.1355 598.3887 639.8882 606.05066 636.6327 613.9428 605.42584 601.414 631.99603 633.24567 572.54193 603.3213 613.318 511.049 561.8547 535.2187 556.33014 527.0635 526.6689 521.67053 497.89542 502.95956 483.39362 494.048 508.45117 485.20224 496.87604 449.16147 458.43472 443.70273 
2206.511 889.90466 1932.292 1837.3561 1725.2549 644.52484 1316.2776 1114.5018 1144.1631 1106.3466 1031.6014 1084.709 1008.74713 831.63434 700.23016 837.94806 867.0503 828.0829 867.41205 838.96747 858.36896 856.2644 799.4081 864.48535 835.8106 841.9599 804.2749 810.6544 784.8076 765.8336 805.2285 746.728 752.58136 757.41534 726.40576 778.5597 728.4775 716.8037 682.60443 696.84314 686.7149 656.7905 669.22064 646.39923 660.046 654.48865 588.096 643.3739 
1432.292 1305.4259 1107.5304 1025.9454 989.64154 880.8287 895.36334 841.17065 863.2029 873.8902 826.04407 931.56854 927.88556 963.8277 895.8237 876.2578 888.88525 830.9438 845.8073 659.9145 1562.9727 1196.7773 810.0625 840.3486 789.7731 823.21606 790.4965 779.71063 737.4548 721.4403 769.81256 752.5485 746.43207 734.8241 667.149 722.7557 689.80597 700.4933 660.67084 586.3203 711.345 682.8675 689.6087 659.35547 573.2325 693.6534 639.4936 649.81915 
1572.1144 1361.4601 1120.8813 1084.0184 987.37256 892.53534 851.8251 814.00854 713.6797 719.8619 654.7846 655.3436 613.877 592.9628 564.09076 505.36008 562.01904 557.4482 539.658 529.6613 387.07663 479.21738 447.18842 496.34988 453.7652 450.2795 450.41104 443.24234 426.93192 386.18875 379.15158 375.2713 331.40414 365.6363 347.02402 353.46924 318.71094 351.10162 368.46432 351.56198 332.19336 335.67905 321.50607 252.41696 173.33115 291.8777 327.8198 365.60342 
2633.739 2132.6538 1794.4098 1551.3318 1502.0059 1354.7517 1283.2292 1219.5331 1083.9198 1084.5446 1003.8145 1023.05164 946.49786 940.77606 874.7123 785.7284 828.28015 784.2157 783.6896 781.8152 688.88525 749.6218 703.8145 712.7261 602.99243 623.97235 642.782 617.0339 627.68823 589.7731 589.51 602.4334 543.7356 612.2657 599.4081 599.0135 533.01544 554.7517 468.79315 522.3939 514.43604 461.756 476.488 473.75864 350.77277 432.5222 435.1858 437.29037 
1394.2454 1156.8892 1106.4781 1010.16113 920.4867 934.5939 839.5593 808.9773 795.5278 691.6146 682.9661 632.4564 681.8481 623.8737 622.65704 601.54553 562.01904 581.09174 546.43207 550.5426 534.7912 469.68103 507.30023 473.19962 481.02597 456.72476 464.7813 441.7297 421.07858 434.06775 395.0674 397.82965 436.5998 384.6761 408.6156 388.72083 403.22263 127.26077 421.4732 374.8438 287.8987 362.67676 311.08188 353.7652 366.32687 296.1197 346.07037 297.63235 
965.8007 783.854 571.8185 498.19138 404.66953 485.7284 578.1322 566.2611 517.9546 524.5643 463.4002 489.27985 458.79645 452.02237 443.83426 403.2884 405.22855 380.7629 269.5495 275.53436 367.18185 361.9533 359.3226 405.952 292.6011 341.17065 408.25388 374.61362 312.6603 253.20618 273.3969 254.32423 312.8905 350.7399 312.463 322.26242 294.93588 304.80106 276.35648 279.9737 254.25847 163.5975 319.89478 281.28906 262.64386 259.2897 236.30385 281.35483 
1981.7494 1832.3906 1524.367 1402.269 1252.3512 1230.9767 1155.1464 1086.7806 1007.92505 1031.1082 984.3801 959.5199 861.59155 893.09436 845.08386 875.3042 831.2726 845.44556 812.7261 742.1243 778.82275 757.38245 713.8112 897.7639 621.63763 597.172 555.11346 559.9803 533.8704 511.2463 549.6876 513.7455 536.0079 512.95624 516.08026 534.561 480.59848 505.36008 474.58072 494.44263 477.5074 490.52942 483.95264 466.853 475.4357 451.75928 488.42487 480.69714 
2673.0352 2253.0417 2041.1049 1854.2914 1582.736 1574.1204 1416.2776 1376.0934 1329.3654 1124.1368 1204.7024 1127.5896 1150.1809 1084.3473 1056.1658 1044.9523 998.88196 979.9079 915.6528 971.7527 482.99902 703.55145 762.1835 755.50806 782.50574 609.6021 565.8665 574.54785 663.7619 637.2575 586.123 599.30945 599.9342 513.97565 568.9905 552.9431 562.8412 533.706 562.15063 495.75797 465.60342 583.95264 553.66656 562.01904 548.9642 499.44098 517.36273 493.71918 
1753.6008 1345.051 1187.6356 1049.3259 1026.1757 997.89545 892.3381 906.05066 865.57056 846.49786 810.0625 750.0164 806.90564 751.7593 764.2552 723.54486 730.35187 723.2818 675.56726 697.5995 659.75006 663.92633 648.7011 590.06903 629.13513 593.55475 601.973 471.29233 662.7425 650.70703 601.8086 572.3775 544.6564 583.3936 563.5975 485.33377 547.97766 524.63007 552.71295 533.8047 536.46826 526.53735 511.57513 516.90234 496.21835 501.8744 493.8836 407.76062 
1130.7793 1076.6853 981.61786 978.19794 783.13055 638.0796 832.65375 776.8826 824.63007 775.6659 798.65173 746.85956 768.9905 751.3647 701.34827 722.55835 696.5143 726.7675 724.00525 632.3907 709.1746 674.05457 712.3972 685.6955 429.62842 592.8971 575.074 606.6754 597.172 621.4732 592.0092 553.46924 589.6087 563.7948 587.01086 556.5932 553.7652 549.78625 524.926 535.84344 533.57446 535.41595 489.83887 428.08286 523.61066 480.82867 495.33047 331.14108 
1343.4397 1212.2657 1105.0312 1006.1822 988.81946 864.7813 908.0237 674.05457 740.18414 709.73364 666.2611 682.17694 641.69684 635.51465 642.22296 585.39954 589.31274 557.8757 579.71063 565.8007 499.50674 540.24994 506.3466 521.2759 501.97302 499.3752 496.9418 469.84546 474.61362 446.0046 452.9431 436.6327 389.01678 419.73035 398.71753 404.538 376.71817 381.02597 366.29398 354.85037 361.06543 339.59225 346.53076 348.10916 318.3492 337.48767 376.35648 367.21472 
1232.4236 1060.8352 924.6958 881.5521 834.1993 708.9773 743.8343 683.7882 683.06476 649.5561 653.272 634.7583 592.3052 589.4772 560.4407 554.3242 528.8392 469.87833 500.52615 478.1322 503.0582 486.2874 488.26044 471.09503 440.80893 437.8165 414.66623 415.78427 404.1105 374.51495 431.4699 414.20584 418.0204 400.16443 403.55145 366.29398 391.15424 388.68793 367.4778 377.3101 357.21802 371.81848 368.76028 344.03156 348.6353 332.65375 340.74316 334.5281 
1369.2864 1142.3873 1019.6646 890.5952 818.415 714.00854 710.19403 682.3085 602.6965 627.26074 581.12463 564.2223 504.5051 507.69482 494.90298 451.23315 452.64716 430.35187 396.38278 442.51892 436.13943 425.09042 383.0648 392.00922 389.70734 391.1871 382.14404 363.8277 363.33444 350.9372 317.1325 619.6317 798.7175 366.75436 334.10062 337.29037 332.16046 330.74646 310.62152 288.49063 289.01678 273.85727 278.39526 269.77966 254.09406 269.5495 234.7583 241.72969 
1546.1361 1472.4104 1251.4962 1096.4485 1050.0493 957.7113 923.512 869.18774 776.5209 798.7833 744.196 745.8402 708.9444 695.2318 684.8734 644.2946 645.51135 607.0372 629.26666 615.91583 541.072 588.78656 550.5426 555.1792 534.7912 539.2305 542.5518 510.62152 523.4791 508.9773 519.2371 501.2496 446.59653 488.3591 464.18942 476.75107 462.3479 471.75272 466.62283 447.31995 457.61264 250.24663 515.06085 507.76062 372.11444 366.58994 329.36533 332.29202 
1977.9349 1617.856 1426.7346 1118.974 1062.611 961.1312 924.63007 900.1973 876.45514 823.4133 752.71295 743.5383 684.2815 685.59686 668.4643 588.6222 632.0947 587.6028 590.5294 559.28973 556.7905 574.3177 543.50543 526.47156 498.45447 515.2253 524.9589 436.4025 474.58072 451.85794 478.92142 452.61426 451.5291 445.4127 422.98587 426.66885 414.23874 418.87537 409.96384 351.39755 398.02698 373.6271 370.89774 349.0628 271.1937 444.3604 351.26602 355.73825 
1169.2864 922.7228 772.0158 733.8704 611.14764 613.4166 610.12823 532.3907 531.23975 503.94608 521.3746 457.34955 465.37323 461.78888 428.44458 429.95724 397.27063 383.5909 394.90298 350.21375 374.41632 336.2052 332.3578 321.73627 317.69156 189.60869 295.03452 287.07663 280.82867 285.82703 281.02597 234.82407 238.34265 251.46333 261.78888 242.22295 243.80138 235.975 222.82144 225.18909 218.18481 215.09372 206.67543 193.39034 243.04504 205.78757 209.0102 207.59619 
1425.1891 1107.5304 949.6876 832.4564 803.2555 724.53143 709.4706 678.0007 585.59686 611.0161 562.3808 570.9306 527.68823 534.2979 514.2716 476.8826 484.41302 460.63794 465.37323 461.1312 410.2269 436.13943 400.4275 404.34067 383.16342 389.806 380.46695 367.9053 378.757 360.9339 371.25946 371.42386 336.23807 357.6784 338.96744 358.59915 328.93784 330.12167 324.7287 317.42847 317.1325 313.15356 317.1654 310.52286 285.53107 302.33475 290.10193 291.31863 
1524.3013 1235.975 1155.6067 891.0227 971.5225 905.39294 860.80237 845.1496 727.0635 725.9783 675.8303 707.26733 663.9592 740.80896 659.3226 578.0007 543.9658 527.0635 546.36633 583.98553 525.2548 561.46 513.15356 513.4495 466.19534 494.048 505.6889 473.49557 488.951 463.86057 481.68365 519.5988 395.62643 305.03125 702.4005 402.10458 362.64386 384.64322 398.52023 370.27295 334.92273 360.40775 353.3706 334.9556 310.62152 325.9783 318.11905 320.61823 
2108.1223 1360.9668 1426.2743 1290.2006 1224.5972 1090.7596 1083.591 1032.9825 952.5156 961.3285 839.39496 886.78064 696.317 858.82935 744.09735 780.8616 751.7922 747.1227 686.2545 680.4341 621.4074 672.64056 611.70667 570.86487 550.77277 568.1026 542.2887 511.11478 517.42847 476.12628 576.488 511.8711 436.89575 366.6557 555.0148 538.73724 463.69617 437.02728 454.65308 432.22623 435.975 413.2851 425.28772 424.59717 367.21472 369.7468 349.98355 353.46924 
1897.0734 1505.656 1348.8655 1250.2137 1216.1132 1149.293 990.0362 781.3877 758.9609 956.39594 702.53204 757.90857 826.27423 757.1851 774.219 534.1335 783.95264 750.4439 480.23676 322.16376 617.0996 84.840515 404.17627 442.51892 475.6659 613.9099 625.1891 536.0079 616.705 528.05 474.51495 514.7978 510.85168 523.61066 498.29004 504.5051 498.88196 463.17 482.57153 459.25684 461.65735 471.32523 415.09372 448.17496 432.9168 438.8688 423.41336 421.73627 
2038.3755 1584.5446 1424.5643 1282.44 1312.3644 1249.8849 1118.4807 861.4272 486.35318 678.39526 656.5932 664.7813 587.40546 628.1486 716.3762 706.5768 632.851 764.6827 358.92798 484.5117 606.7412 651.3976 572.9036 569.5824 542.1243 522.22955 532.02893 247.12265 786.2874 616.3762 455.17923 483.95264 477.0799 443.60406 295.03452 405.4916 453.27194 444.22888 450.01645 444.03156 449.32587 443.73563 388.45773 413.74548 413.7126 407.30023 382.34134 410.58862 
1109.0103 933.8375 778.6583 668.4972 718.2177 719.73035 565.2417 569.5824 513.877 501.94016 480.03946 495.62643 485.4653 400.95364 409.9967 405.12988 437.29037 426.66885 344.03156 342.84775 393.22592 418.08615 421.73627 422.1309 396.1197 386.682 396.54718 368.26703 382.67017 358.73068 330.22034 349.0957 354.91614 393.8178 353.3706 380.9602 357.0536 335.44885 346.3992 330.18744 380.7629 369.61526 310.55573 331.00952 336.89575 331.4699 327.65536 340.2828 
1983.854 1618.119 1536.8958 1454.4886 1269.3193 1268.9575 1150.8385 1195.0345 1103.2227 1063.9264 924.66296 971.65405 930.35187 997.3035 942.7162 1043.7028 861.03253 984.2157 943.8343 970.0099 877.2443 886.81354 757.41534 833.60736 818.34924 782.9332 843.9658 822.4926 737.1259 825.1562 797.6324 799.5396 777.40875 769.3851 791.25287 747.1555 729.0365 689.24695 706.1493 764.3209 998.6189 712.0026 641.8941 648.0105 625.1562 643.9 653.9954 583.13055 
1272.1802 1238.0138 1192.5682 1242.0914 882.3085 1013.4495 1039.6251 953.14044 931.76587 863.17 829.33246 765.439 663.72906 995.199 682.14404 447.51727 541.4995 481.94672 574.90955 598.81616 581.28906 552.58136 547.38574 461.756 490.62808 499.24368 452.31833 505.09702 489.24695 456.4288 509.27325 417.52713 516.7708 485.268 496.4814 473.26538 450.57547 475.2384 460.37488 455.60672 390.3979 426.1756 324.1039 363.5646 378.82275 375.0082 387.537 389.7731 
945.3798 938.73724 832.68665 793.2917 701.11804 701.70996 683.16345 624.39984 615.6199 578.23083 576.91547 607.6291 518.5137 563.56464 523.08453 521.9993 496.25122 504.0776 503.02533 481.55212 489.27985 467.41205 468.82605 438.8359 436.96152 484.8405 450.707 425.1562 419.30286 413.64682 411.31207 392.96283 400.09866 385.16934 408.08945 415.9487 357.4482 388.3591 360.40775 366.91876 329.2338 286.38605 341.4666 312.75897 314.04144 296.08682 312.19992 318.3492 
811.57513 703.4199 677.37585 563.7948 565.8007 543.8671 540.57874 503.55145 431.79874 473.5942 486.97797 443.83426 485.56396 451.7264 449.7205 430.12167 433.27853 444.5577 419.4344 425.781 406.3795 423.0845 399.5725 361.29562 395.9224 376.12628 384.0513 363.13712 368.85892 346.46497 335.7777 338.30975 329.00363 356.8563 363.30154 302.33475 337.35614 313.02203 314.00854 302.69647 311.18054 307.1687 289.47714 311.34494 314.99506 295.85663 304.1105 299.7698 
2477.8691 2135.679 1833.443 1771.8185 1656.1328 1643.2753 1468.4314 1414.9951 950.24664 39.16475 811.6409 904.1434 797.5008 800.0 788.1947 789.31274 707.6291 759.42126 717.6258 730.35187 693.58765 686.4847 605.06415 582.63727 602.10455 567.708 571.8843 567.37915 529.6284 609.1417 573.364 559.38837 559.6843 573.4298 546.8267 412.72607 730.4176 550.9043 543.43964 517.85596 464.35382 498.45447 476.09338 480.92734 457.51398 452.81158 457.4153 424.26834 
2629.1023 2330.6477 2116.5735 1925.485 1817.4285 1559.1582 1754.39 1642.782 1430.878 1253.0089 1269.3193 1195.1332 1149.2601 746.2019 902.6965 1335.8435 1231.6672 1070.6346 1108.5498 1092.0421 1092.9957 959.22394 942.4531 894.4426 867.0503 920.15784 814.43604 925.6823 906.1822 789.0497 488.19467 911.3778 621.3746 889.7731 857.90857 776.78394 738.4742 739.9868 688.3591 690.9898 704.40643 747.1555 755.90265 621.60474 624.53143 583.6567 604.43933 589.3456 
1675.337 1338.2769 1340.809 1262.1835 1320.7826 1081.2891 1043.7028 1021.11145 870.86487 899.6054 842.2887 895.5278 819.5659 690.4637 757.0207 722.22955 777.6718 714.46893 705.45874 656.95496 669.74677 714.3374 674.778 697.43506 676.0605 550.57544 590.9569 557.6784 617.42847 691.12134 672.08154 565.3075 580.5327 702.99243 669.0562 584.8734 541.4995 506.1822 514.2059 488.29333 497.66525 451.5291 378.3295 443.93292 504.96548 462.87405 450.64124 447.8461 
1400.8878 1141.0062 966.2282 930.319 843.3739 862.28217 783.0319 749.9507 724.2026 669.5166 680.7629 640.80896 660.21045 637.98096 563.69617 609.33905 566.5242 578.9872 552.7787 565.34033 551.0029 518.67804 528.1157 522.4597 511.80533 505.36008 456.29727 505.62314 472.47617 484.14996 458.46762 465.6363 457.11935 442.22296 445.9717 421.96646 441.33508 450.37817 425.35352 430.61493 391.0227 384.6761 371.75272 275.2713 214.10721 258.17166 258.23743 260.34198 
2732.4893 2354.0613 2137.8164 1914.3046 1658.0402 1649.3259 1487.8987 1477.2772 1376.7839 1215.6199 1382.736 1167.9053 1163.1042 1112.6603 1116.409 1093.8179 962.44653 1022.4268 968.1684 974.90955 937.7836 1041.7954 990.9569 925.8139 920.8484 854.1598 897.5008 906.80695 790.20056 910.35846 844.55774 817.1983 786.78064 653.272 1067.1819 1066.9188 894.4426 769.9112 767.149 763.7948 660.5064 702.3676 674.4163 679.25024 636.2381 652.3841 643.43964 602.20325 
2928.8064 2423.545 2172.0815 1953.2062 1686.682 1676.5867 1527.195 1476.9484 1349.9178 1304.4065 1246.4978 1139.9868 1139.5593 1107.3989 1236.3696 1082.6702 965.47186 1017.36273 961.62445 968.9905 997.3035 1083.2949 1009.33905 948.0434 927.49097 852.4498 881.32196 853.2391 781.4206 836.43536 777.5732 802.63074 775.00824 795.6593 828.609 787.6028 748.9642 743.43964 734.42944 776.84973 672.67346 644.55774 636.7642 635.90924 593.8507 615.291 606.5439 574.12036 
1507.0701 1290.2664 1145.6758 1060.9668 919.9277 918.1848 829.6613 834.00195 757.90857 700.7892 694.2453 595.56067 631.56854 633.01544 654.91614 615.81714 546.56366 582.14404 551.858 558.5663 528.80634 527.32654 516.86945 487.1424 492.46957 427.72113 448.43802 442.05853 416.86945 450.4768 413.0549 442.48602 406.28082 420.55246 418.71094 386.0901 384.34726 378.82275 388.3591 368.4972 321.80203 366.95166 323.87372 370.00986 331.30548 343.20947 350.2795 330.08878 
1312.4958 1079.5461 1024.6958 683.16345 711.5094 951.9237 916.47485 882.4071 775.074 782.17694 742.68335 741.927 739.4607 632.3249 695.39624 644.1631 649.0299 630.6478 617.9546 612.59454 575.7974 599.90137 567.34625 590.9569 585.1694 529.13513 582.4729 530.54913 548.6353 513.318 516.40906 519.76324 493.32455 456.59323 423.21603 449.35876 496.38278 452.97598 528.28015 456.09998 442.71622 485.95856 441.07202 584.93915 373.46268 501.6442 464.55115 458.23743 
975.36993 837.94806 912.62744 871.8185 861.756 791.74615 749.0299 738.27686 669.22064 689.24695 736.5669 644.88654 664.3538 616.6064 599.1121 583.6238 592.53534 559.25684 536.53406 534.65967 500.88788 510.81882 519.0069 485.99146 520.0921 473.72574 488.39197 476.06052 482.8017 475.53436 461.46005 468.0697 455.60672 465.53766 485.43243 424.3341 445.84018 424.20258 427.52383 420.2565 421.34167 413.25223 393.8178 424.9589 422.39395 424.82736 452.08813 391.0227 
1203.0253 1000.0658 944.1631 883.0319 866.4913 828.5104 774.4492 761.16406 712.0355 751.0687 765.93225 570.86487 706.5768 655.3436 679.31604 656.56036 664.51825 618.38214 603.7159 643.70276 595.7251 631.437 613.18646 532.4893 553.60077 521.9007 535.94214 510.6873 517.2312 524.63007 499.86847 499.5396 478.82275 491.8448 501.1838 474.41632 488.49063 467.0832 487.76718 350.67413 478.19797 447.0569 437.91516 463.3673 441.03912 451.82504 450.24664 436.99442 
1867.4778 1844.5577 1769.681 1648.5696 1451.4304 1452.9103 1320.8813 1285.5311 1177.8362 1185.4653 1172.8379 1064.3209 1125.2549 1082.5387 1139.7238 1097.0076 977.7376 1015.1924 948.83264 963.2358 915.2581 908.35254 891.8777 884.54456 881.28906 834.06775 875.99475 814.56757 753.14044 828.6748 783.3936 802.2361 775.00824 786.2874 775.92896 744.09735 766.75433 728.70764 673.49554 440.97336 277.1128 849.6218 810.9832 800.13153 762.9069 791.74615 747.4515 711.77246 
2105.8862 1820.98 1567.7408 1594.6399 1484.6432 1009.93097 982.8346 861.46 861.59155 870.4374 865.4061 825.3864 830.58203 814.173 738.40845 782.67017 736.2052 764.45245 722.16376 722.98584 682.53864 666.0309 712.59454 636.6656 680.23676 652.5485 619.9934 629.33246 622.62415 616.01447 583.854 578.46106 569.122 542.3545 548.2407 525.41925 534.00195 526.1098 474.4821 503.02533 487.83295 494.0809 468.23413 473.33115 465.11017 447.51727 457.48108 433.90332 
2079.875 1581.3549 1271.4238 1218.2506 1078.9872 1009.70074 923.7751 882.73596 863.92633 788.951 758.30316 724.07104 724.99176 709.2075 628.0829 665.50476 620.19073 623.3147 636.3696 668.2999 632.65375 594.60706 609.1417 577.2114 566.294 541.368 503.97894 535.94214 496.02106 508.64847 511.2463 535.87634 483.98553 474.28476 480.3683 455.6396 475.96185 465.37323 407.99078 438.67148 423.41336 428.08286 412.82474 416.08023 407.46466 394.87012 409.37192 384.57745 
1536.1724 1032.292 1103.2885 925.1562 933.4758 867.9382 861.46 752.417 687.1095 703.9132 628.70764 654.4229 471.52252 845.6758 723.15027 593.3903 632.5222 596.41565 592.4367 560.24335 569.3193 551.4305 499.86847 537.98096 518.0204 510.55573 529.26666 480.40118 511.904 484.74185 513.58105 487.73428 495.03452 499.1779 457.31668 481.88095 459.45413 466.72147 457.0536 408.74713 438.6057 435.44885 461.9533 427.8527 453.7652 440.64453 415.88293 441.40085 
2082.966 1782.6373 1626.8004 1438.8359 1369.0233 1286.3203 1059.8158 1034.002 812.59454 900.1644 936.96155 639.2634 845.4127 909.24036 924.2683 889.0825 943.1766 895.46204 822.98584 837.75073 779.4476 792.7984 738.0138 669.3851 723.64355 683.7225 685.00494 646.99115 661.7889 653.7323 617.5271 618.0533 590.4308 615.48834 604.60376 542.61755 582.3085 547.81323 551.7593 526.04407 538.73724 525.87964 516.5735 537.35614 515.91583 508.08945 500.49326 475.73166 
2310.9832 1800.0986 1700.0328 1494.2454 1432.1605 1282.2427 1220.2236 1217.6915 1058.1716 1194.4426 1085.0049 1078.6255 1081.7823 974.1861 1012.2986 947.94476 956.29724 886.2216 880.4012 822.22955 859.15814 827.4252 810.8517 814.8964 783.7554 725.51794 757.1851 723.97235 730.0559 650.0493 656.49457 590.0033 926.7017 806.80695 664.7484 659.0595 683.6238 593.489 618.74384 585.00494 600.4604 555.04767 565.53766 538.5728 534.10065 445.34692 655.2779 588.096 
1513.4495 1268.3328 1215.2252 1101.0522 1072.1802 1068.826 942.4202 942.8477 874.4492 918.87537 916.6393 821.21014 887.6356 833.01544 850.73987 805.3601 818.34924 810.6544 766.98456 809.70074 782.7688 784.08417 775.6659 707.7606 765.3075 731.3055 746.5965 708.0566 726.2414 718.2177 692.8971 695.2647 664.7813 685.827 679.1187 597.9941 608.84576 571.29236 589.1812 562.1835 581.74945 118.11904 484.14996 561.8547 527.6554 529.39825 519.0398 178.06642 
901.74286 720.9142 694.344 614.6662 331.23972 586.123 455.90265 482.76883 455.27786 448.76685 439.55936 394.57416 424.3341 398.3229 408.41827 390.82538 391.48306 388.29333 365.73495 359.7172 346.6294 321.80203 314.43604 288.096 301.38113 316.08023 322.82144 326.93192 324.03815 317.26407 300.95364 300.16443 280.30252 270.27295 245.51135 219.10556 275.76456 288.26044 284.2815 269.64813 275.30417 262.54523 253.5679 271.09503 262.5781 266.19534 262.70963 106.41236 
195.36337 1301.2496 1060.901 924.1697 886.45184 803.4857 776.192 740.3815 671.62115 616.93524 555.0148 590.1019 582.3413 523.9395 549.8849 508.05655 503.55145 461.22986 462.41367 463.10425 428.6419 469.41797 448.56955 468.1026 450.77277 400.52615 434.88983 414.99506 439.2963 414.20584 407.89215 398.7504 386.81354 388.1289 373.19962 390.36502 385.53107 328.54324 421.17725 365.70206 371.81848 348.40512 360.34198 334.85696 321.04572 358.8951 345.31406 353.86386 
2004.1434 1767.3463 1477.343 1402.0717 1171.4238 1128.3131 1158.4347 1053.5679 1007.2016 929.0365 953.1733 959.22394 837.94806 948.6024 836.2381 839.29626 798.7175 799.5396 802.3676 765.3732 777.44165 734.98846 764.55115 760.4407 699.5067 742.68335 725.3864 750.77277 717.1325 717.1654 715.45544 678.7241 688.45776 715.6199 713.15356 689.27985 514.99506 671.7856 621.76917 608.84576 579.80927 596.1526 590.5952 607.89215 711.904 571.71985 72.24597 413.38376 
1424.4656 1105.5902 956.33014 875.17267 751.20026 738.6386 672.246 661.72314 648.4709 554.39 583.06476 519.8948 486.58337 398.7833 502.56494 480.23676 440.44724 449.16147 447.02402 416.27753 459.65143 406.7412 444.7879 403.8803 408.31964 372.31174 388.951 380.30252 357.57974 369.81256 371.52252 388.42487 393.98224 313.877 359.78296 337.6192 334.59387 304.7353 321.57184 322.82144 293.0286 274.94244 247.58304 242.78198 233.31142 259.42123 300.49326 294.93588 
1787.4055 1504.9655 1480.8287 1244.492 901.08514 1146.5636 991.6146 968.85895 906.90564 946.99115 943.50543 836.5998 916.08026 849.75336 888.0303 828.0829 834.42944 824.7287 792.3052 811.60803 759.6514 776.81683 770.5689 677.44165 733.44293 703.6501 729.0365 690.1019 687.537 672.50903 646.728 656.7576 630.5163 638.80304 636.83 558.00726 534.5939 590.5623 583.7225 548.2736 571.71985 430.7136 522.8543 546.92535 520.74976 528.4775 541.99274 476.29068 
2162.841 1820.4209 1618.7109 1430.2203 1304.1763 1214.5676 1190.365 1155.6067 1014.1401 1048.5366 990.23346 1035.7119 975.1069 955.14636 1023.9395 932.3578 993.8836 846.8267 933.147 878.0993 768.9247 834.3308 795.199 818.6452 773.52844 784.413 767.01746 741.4666 768.1684 735.1529 734.98846 722.4597 585.59686 758.73065 688.32623 697.23773 666.78723 684.97205 379.05295 629.0365 627.195 575.99475 582.0125 558.5991 516.9681 560.1447 537.6521 405.85333 
2608.8457 2258.369 2002.4005 1772.6406 1675.7317 1532.0289 1493.7191 1430.582 1253.6665 1308.7471 1241.8284 1228.5762 1119.3687 1098.8491 1146.4321 1055.7711 1055.5739 990.66095 1087.6356 1061.197 887.5041 954.45575 914.173 1008.25385 970.832 925.6823 881.026 861.22986 952.3183 851.7264 790.72675 843.8343 763.10425 804.7024 725.1233 736.6327 710.4571 728.90497 714.173 661.9204 759.6843 712.59454 707.7277 697.04047 685.59686 738.0467 693.12726 520.78265 
536.46826 900.3946 324.9918 723.8737 684.0513 595.00165 560.67084 503.0911 503.0911 517.0668 460.86813 530.77936 448.37225 442.42026 402.56494 410.88458 403.91318 368.20126 359.15817 342.1243 328.47748 325.45215 307.62906 365.17593 347.12265 351.9566 336.66556 338.37555 331.7001 321.34167 327.91846 311.93686 316.4091 308.1881 290.1677 304.1105 288.49063 295.9553 279.90793 279.02005 265.27457 260.9668 275.929 266.82013 281.78232 280.43408 264.32095 280.79578 
1493.193 1161.4601 939.4278 927.0635 829.69415 825.48505 770.3716 760.3749 746.33344 706.6426 671.9829 626.7017 632.4893 611.6409 546.728 575.99475 543.7356 557.218 521.96643 528.6748 517.49426 492.89706 489.3127 491.1871 500.26306 491.58173 431.20685 108.15521 434.3637 364.15652 310.72015 305.45874 399.86847 383.0319 399.04636 395.8895 416.63925 411.54227 361.88754 374.94244 369.81256 380.26965 358.92798 371.29233 247.71457 455.08057 647.94476 348.0434 
1444.0973 1457.6127 1178.3953 1033.9362 864.09076 857.38245 785.6955 673.95593 700.7892 646.6623 600.4275 576.5209 566.35974 482.3742 524.3012 515.45544 462.1506 475.53436 448.73398 429.95724 442.48602 402.10458 440.11838 352.28543 381.71655 368.23413 357.38245 282.24268 296.81027 365.27457 365.14304 291.05557 373.52844 313.84412 339.55936 318.28345 317.52713 316.9352 302.4663 313.41663 281.71655 299.24368 299.6054 276.06052 283.36075 255.34364 269.02335 255.96843 
3495.5608 2637.981 2369.681 1649.7863 1870.1743 1680.8944 1288.3591 837.0602 840.71027 799.0135 840.15125 1476.5867 1339.6909 1189.4772 1248.0105 1122.7886 1123.9724 1007.7277 994.4755 912.0355 881.71655 879.1187 802.3676 818.71094 687.04376 696.1855 813.9099 905.5245 815.02795 745.97174 737.88226 722.4268 702.53204 708.0566 653.10754 649.6547 492.2065 622.953 675.8632 682.4729 694.0809 245.8073 86.254524 491.28577 463.72903 482.11115 451.1674 486.8793 
4115.9814 3408.3525 3107.958 2083.2292 3066.5242 1859.9474 1638.1782 1573.1338 1299.4409 1112.3314 1322.2625 1869.7139 1721.8678 1516.4749 1544.1631 1408.0565 1389.247 1301.9072 1274.482 1200.5591 1184.0842 1148.6354 1082.144 1168.2999 1190.1348 1070.0099 1025.2549 549.0628 1028.8721 878.82275 863.66327 923.9066 862.44653 919.5002 848.30646 771.9829 766.35974 512.759 447.6159 373.364 370.37158 427.32654 623.64355 689.80597 686.5176 722.8872 640.84186 550.73987 
1554.5215 1284.3801 1164.5183 988.951 964.6169 877.80334 759.487 796.1855 740.64453 724.49854 674.94244 656.7905 582.60443 592.3381 589.9375 526.6031 455.86978 430.6807 496.08682 519.4015 460.3091 503.2884 344.09735 367.3134 337.15884 250.54259 178.5268 190.39789 349.58896 328.90497 278.36237 421.76917 346.2019 387.20816 367.57645 371.09503 408.25388 360.11182 364.32095 329.10226 358.04013 358.1059 325.9454 335.3831 300.49326 319.66458 301.0194 301.90726 
1580.5656 1119.4673 944.9852 757.34955 737.88226 659.0266 565.0773 581.28906 546.6952 542.3874 494.44263 474.0217 373.0352 435.02136 446.2019 375.40283 485.99146 466.16245 362.1506 367.18185 314.20584 351.82504 315.5541 299.5396 241.95988 213.74548 130.02303 308.3854 286.02432 289.70734 196.44853 281.6508 249.293 289.27985 264.12366 264.64978 268.46432 249.22723 258.073 206.83986 235.3831 233.90332 210.2269 239.95396 204.99835 237.06018 204.0776 225.78099 
1478.6583 1499.8356 721.3417 1081.881 1021.67053 1009.1088 1012.0026 919.30286 799.0792 830.12164 806.05066 785.6297 710.32556 703.97894 695.758 665.4061 665.8336 629.2338 642.58466 607.07007 531.63434 576.5867 564.58405 583.95264 498.29004 550.5426 478.46103 464.12366 470.1743 443.86716 486.7149 462.3479 422.78854 448.01053 438.34265 445.61 407.26733 397.79678 381.74942 373.98883 387.83295 373.5942 374.28476 364.28806 348.79974 372.01578 350.67413 348.96414 
2430.7466 1940.513 1636.0079 1374.8109 1246.3335 962.08484 1203.5844 1158.9938 1053.3378 879.4147 1005.8862 903.683 852.08813 796.44855 807.26733 819.33575 784.01843 797.89545 746.46497 883.4594 758.2045 658.30316 683.8211 428.74054 777.5732 459.42123 733.24567 757.97437 695.36334 657.1523 619.9605 590.1019 633.3443 599.3752 641.56525 575.33704 590.8912 594.14667 656.1329 521.80206 474.54785 656.1329 498.68463 481.6508 579.9079 446.2348 466.72147 444.5577 
2186.419 1666.7872 1479.316 1324.926 1134.1006 765.439 968.8918 1120.9142 1008.31964 876.78394 907.5633 819.9605 756.49457 713.5153 709.1417 681.8152 700.1973 676.488 620.32227 625.1562 655.7711 550.83856 570.24005 190.13483 905.39294 977.34296 453.83096 426.86615 426.66885 462.11774 431.73297 455.2121 442.97928 375.99475 452.61426 438.53995 441.07202 399.34232 393.39032 384.14996 384.74185 379.90793 363.66327 375.07397 352.68005 325.1891 366.29398 351.26602 
1266.8201 1179.875 1064.7814 870.73334 907.6619 808.221 800.75635 739.4936 701.0194 687.7343 660.1118 666.58997 614.43604 633.9691 654.88324 562.28217 622.62415 579.25024 400.65768 74.67938 307.1358 464.51825 426.47156 406.5439 428.3788 418.77673 387.24103 309.10886 401.6113 405.06412 416.9681 398.25714 401.8744 397.82965 392.4038 405.7547 385.8928 391.08847 385.2351 364.2223 377.93488 276.2578 247.48438 302.00592 332.8839 346.8267 334.59387 339.88818 
2174.515 1999.7041 1831.9961 1628.6418 1329.5626 754.06116 1183.3279 1124.7944 1059.8488 893.58765 891.6146 877.5732 875.89606 810.9175 790.23346 818.6452 744.91943 738.77014 703.61725 770.20715 724.46564 586.84644 682.3413 333.67313 753.9625 580.5656 587.2081 540.1184 538.4413 531.79877 500.4604 525.1233 494.048 421.76917 491.31863 426.9977 451.3647 423.512 419.56592 421.37454 422.59125 441.63104 414.20584 411.34494 406.3795 375.30417 407.69482 389.18118 
1553.3706 1249.7205 1101.4141 983.55804 964.6827 897.9283 882.73596 862.24927 766.1296 662.01904 819.533 851.23315 824.66296 819.8619 727.26074 755.4094 790.0033 736.2052 727.9842 718.38214 550.9701 563.6304 688.9839 700.9865 660.1447 556.5932 754.06116 787.6685 715.91583 682.0125 692.2723 674.8767 586.5176 636.0408 615.88293 627.9842 593.4561 593.52185 578.6912 569.9441 611.904 574.94244 587.1424 594.903 550.83856 583.16345 560.901 576.5209 
2170.536 1881.3549 1624.5643 1390.9897 1455.9355 1377.1456 1347.9447 1225.7482 1230.4506 1177.343 1150.3782 1136.238 1122.3281 1040.3485 939.4607 951.858 1054.2256 1026.0769 1057.7113 1023.4791 1053.9297 1012.4301 968.85895 965.2746 922.098 992.69977 968.4643 848.9971 911.2463 857.84283 845.314 812.98914 715.9487 608.91156 767.44495 822.2953 732.4893 760.17755 762.5781 672.9036 670.63464 677.83624 668.5301 604.3078 619.6646 612.19995 610.75305 660.4407 
1476.4222 1260.5393 1176.6195 1005.1957 966.35974 867.87244 894.17957 860.24335 762.5452 527.39233 774.2848 813.7126 731.99603 733.64026 779.1845 761.3943 773.72577 673.0023 731.9632 708.0566 660.60504 688.0631 634.88983 653.07465 611.4765 613.64685 608.0894 580.5656 597.5995 584.709 608.5827 585.6626 522.5255 559.0924 538.6715 541.63104 507.30023 516.1131 500.7892 487.537 518.74384 508.02368 529.36536 529.29956 513.9099 525.7481 496.21835 486.4847 
1717.8888 1629.3324 1518.6123 1414.8307 1219.7303 1282.3085 1202.3677 1203.683 1118.2506 1122.7886 1055.7711 1016.3104 1035.2844 929.82574 920.28937 914.7978 822.4268 876.91547 850.24664 875.2055 822.3282 831.1082 812.98914 717.7244 745.314 698.84906 723.3805 716.8037 632.3907 679.1516 650.9372 660.4078 628.8721 632.7524 629.33246 603.0253 621.57184 625.5837 607.82635 620.78265 579.9408 590.8254 525.1562 512.52875 508.9773 522.2953 512.7261 489.18118 
1842.8478 1133.7389 1723.8738 1533.7717 1300.0328 1294.1138 1228.9049 1194.9688 1133.8047 1083.591 887.40546 1014.8635 970.0427 874.51495 853.4035 833.01544 755.3765 808.81287 770.70044 779.64484 733.147 735.3173 706.37946 684.413 684.51166 649.6218 662.67676 659.8816 573.98883 618.6123 584.51166 593.2588 570.536 561.29565 565.0773 559.3226 585.1365 579.67773 542.3545 553.60077 521.11145 539.4278 487.43835 486.97797 502.36765 512.4959 474.77805 470.536 
2086.912 1440.8418 1535.9092 1577.5403 1338.5071 1315.587 718.0533 1101.71 1067.0833 973.95593 1224.4656 1046.9583 660.1118 967.9382 907.46466 868.4972 763.9592 787.6685 680.7958 770.66754 766.95166 678.6912 700.23016 643.2424 661.9533 603.58435 634.3637 588.655 600.7892 501.1838 514.3374 616.3433 580.30255 495.79086 523.21606 528.74054 554.4229 492.92996 498.94772 476.42224 456.2315 510.2598 453.73233 465.07727 476.29068 433.80466 436.53403 417.65866 
1991.9435 1777.7375 1446.0703 1478.2308 1349.6876 1307.5962 1222.92 1123.5778 1079.053 1061.756 1025.9454 1060.638 966.32684 907.07007 863.8606 868.9905 811.14764 795.79083 745.44556 723.808 701.9401 702.4663 685.827 639.16473 652.8445 785.59686 756.659 617.85596 581.74945 583.52515 350.21375 614.40314 554.06116 551.7922 565.0773 531.8645 507.46466 496.1526 456.59323 473.0023 470.7333 585.0707 453.00888 439.42783 436.1723 403.4857 390.10193 381.1575 
1375.633 1058.1716 973.16675 856.1329 749.5889 761.3285 701.0194 696.87604 646.728 654.6531 593.3574 563.2358 576.6524 563.9921 546.39923 560.1118 513.12067 550.3453 538.96747 536.9944 502.49918 516.86945 504.9326 485.33377 491.71326 470.3387 479.41467 478.5597 439.42783 451.89084 439.0661 447.78033 427.95132 417.5929 387.07663 376.488 460.3091 185.10359 409.10886 386.61624 322.098 326.3729 309.93094 313.58105 297.00757 301.414 297.5337 283.29498 
1369.8783 1196.8103 1130.4176 1028.0171 906.90564 953.831 856.0342 857.6126 817.7902 775.074 701.8086 673.46265 687.1753 672.9365 653.14044 670.0099 610.8846 660.5393 656.88916 661.0654 625.91254 635.6462 623.57776 598.4216 604.8997 577.34296 595.5278 588.1947 548.5367 561.3943 548.5038 565.735 541.0062 456.4288 900.32886 686.41895 632.7524 570.5689 560.7366 337.389 454.8175 534.6925 501.94016 494.57416 465.70206 469.87833 463.5975 403.18973 
1430.0559 1171.3252 908.74713 981.881 901.8086 859.81586 825.6823 740.0197 765.2088 736.96155 728.6419 670.30585 658.0401 609.79944 563.2687 566.1296 541.7955 523.61066 521.3746 498.68463 537.4548 498.88196 518.71094 483.2621 491.08847 494.60703 472.47617 478.757 457.4153 483.32785 470.7662 437.2246 449.45743 429.92438 440.80893 430.4834 431.07532 414.732 395.85663 409.07596 395.56067 407.99078 402.00592 372.70636 389.41138 366.78723 377.5074 357.4482 
1748.4052 1395.9882 1021.14435 1081.026 1017.1325 969.64813 900.6248 781.4535 806.7412 734.06775 726.7017 694.344 667.37915 646.49786 608.81287 611.904 544.91943 575.3042 565.0444 510.91745 524.00525 496.02106 504.1105 466.8859 469.7139 478.7241 461.29562 463.63037 440.21704 454.5544 452.5814 418.6123 438.67148 412.23282 414.83066 390.2006 389.51004 382.47287 384.4788 386.18875 369.25354 377.0799 375.6988 342.1243 354.48865 337.389 346.92535 323.7751 
1329.0037 1114.5676 769.41797 1310.753 1293.1273 1179.2502 1135.8763 1001.34827 931.56854 890.33215 842.25586 909.8652 879.0858 841.13776 904.2749 870.5689 863.7948 733.04834 807.6291 785.2351 327.8198 690.365 654.1598 691.4173 709.9967 649.9507 654.91614 652.3841 638.34265 602.0388 600.0658 586.78064 558.33606 177.57317 522.6899 557.2838 589.87177 543.01215 579.4147 558.73065 557.77704 522.9201 542.4202 532.3249 517.1983 549.26013 523.512 491.6475 
2240.6116 2007.9579 1946.4978 1707.1359 1749.9835 1663.8606 1650.6084 1744.5906 1507.925 1608.5498 1518.7767 1548.8655 1473.8243 1458.336 1339.954 1405.2943 1394.7385 1238.8688 1335.0542 1333.2128 1202.565 1310.2269 938.9017 1695.0016 1069.385 1054.39 1036.271 993.16016 1005.2943 964.2881 993.52185 757.31665 1093.2588 1031.6343 679.5791 311.96976 903.2884 915.02795 900.4933 871.8843 891.31866 840.5459 863.10425 858.79645 792.3381 834.52814 767.83954 772.9694 
2022.5583 1183.3937 1166.2283 1185.0707 1085.5968 1165.8665 1083.854 921.14435 981.32196 899.86847 903.387 860.7366 863.5975 842.02563 788.45776 766.2282 711.54224 740.71027 708.9773 629.79285 669.3522 629.9244 652.71295 601.973 601.8086 597.9612 581.4535 589.1483 560.3091 609.9967 602.53204 502.20322 568.6945 445.7744 383.55804 535.08716 553.9954 521.9336 496.21835 275.2713 449.5232 441.33508 440.9405 418.21768 449.98355 435.35022 427.195 427.29364 
1274.8767 610.9832 1010.29266 991.12134 950.4439 734.1664 882.73596 814.8635 824.59717 812.59454 134.33081 0.06576784 179.05295 565.735 578.9214 587.43835 565.34033 549.72046 576.45514 523.64355 578.0007 566.853 502.53207 548.9313 499.73694 543.50543 504.40643 501.15094 492.76553 475.73166 481.4206 462.84116 475.0082 465.6692 392.23938 455.54095 432.22623 406.08353 175.92897 340.6774 339.2634 327.55673 342.97928 330.58203 340.2499 340.34857 211.11476 275.8961 
1920.8156 1520.1907 1181.0918 1201.8744 1087.1095 1062.2821 986.6491 950.24664 897.5337 855.8369 860.5722 794.14667 794.6399 769.5495 676.2907 684.3801 707.9579 718.38214 677.40875 675.17267 652.28546 617.0996 618.0862 587.0766 592.3052 586.0572 434.7912 148.17494 534.5939 392.6669 395.33047 396.7445 370.86484 365.14304 344.06445 326.73462 332.1276 334.7912 338.47418 343.86716 395.65933 391.77902 388.16177 412.79184 274.77805 374.51495 552.3183 367.18185 
2032.2592 1635.2844 1437.7507 1375.8961 1268.5958 1268.4644 1201.118 1015.91583 736.1723 1008.68134 980.63135 880.30255 869.45087 851.62775 807.46466 817.6258 775.4357 803.09106 786.5176 700.5919 738.0796 707.43176 726.96484 680.30255 695.7251 691.3844 660.901 669.81256 643.04504 659.6185 649.75336 528.2144 647.41864 587.7014 597.5666 569.3851 589.21405 577.1786 549.75336 563.17 544.03156 558.2374 542.22296 506.7412 544.06445 542.1243 541.0062 487.07663 
1260.3749 1226.6031 1439.1318 1229.9243 1252.3512 1124.071 1112.2328 1014.3045 988.6222 989.1812 939.13184 948.33936 898.45447 905.656 847.1555 753.60077 812.463 753.272 776.488 729.72705 718.1519 705.2614 664.3209 687.6685 684.8076 755.7711 751.8251 629.9573 655.6396 565.01154 271.1937 620.74976 506.87274 601.51263 519.5002 552.1539 547.5173 595.5278 555.7054 529.29956 529.13513 507.89215 484.4788 439.2963 435.15292 422.8872 420.2236 467.93817 
1333.5745 1030.4506 639.32916 841.7955 755.04767 714.3045 660.83527 570.20715 592.0421 558.43475 549.9836 519.4015 517.6258 482.07828 486.9451 502.00592 478.62546 447.68167 394.37686 406.5439 452.71292 420.51956 165.76784 184.8734 424.20258 304.20914 480.89444 493.98224 451.3318 449.4903 399.14502 337.32324 390.49655 353.73233 362.24927 350.80566 389.87177 370.00986 348.40512 363.5975 349.62183 325.48505 326.53732 272.8379 325.32062 316.31042 321.2759 292.07498 
1754.3242 1540.3485 1336.534 1273.8573 1180.8616 1015.6199 1077.4745 976.91547 969.3522 884.6761 888.655 873.95593 840.8747 850.70703 811.2463 812.759 794.37683 694.7057 755.6396 721.63763 701.414 781.71655 675.0411 664.45245 615.7514 621.73627 584.9063 604.4722 594.14667 537.0273 564.12366 527.4252 543.11084 516.86945 530.2861 504.86682 470.66754 494.2453 485.99146 501.2496 508.22098 452.5814 496.54718 480.43408 467.74088 446.3992 462.5781 428.51035 
1538.0796 1256.1 1040.4143 988.9181 907.07007 893.2917 857.5798 747.41864 800.6248 741.368 751.1016 726.636 716.47485 721.80206 741.4995 721.53894 653.04175 669.5824 648.5038 574.7452 613.61395 594.93585 610.9175 572.8379 582.999 571.25946 547.74744 618.31635 533.2785 548.79974 546.30054 488.29333 531.20685 511.73956 519.79614 496.25122 511.0161 326.24136 630.58203 512.759 450.9043 449.0957 436.1723 392.2065 410.52286 391.08847 396.08682 377.343 
1174.0546 1030.1217 1052.0223 902.20325 799.441 797.04047 749.72046 714.60046 668.82605 623.54486 622.16376 542.09143 550.83856 526.04407 521.3088 518.38214 437.09305 469.02335 429.6613 441.86124 403.94608 394.01514 388.29333 369.122 409.66788 434.19928 463.23578 465.2417 384.21573 435.44885 399.04636 359.45413 358.8951 398.19138 367.54358 308.1552 192.20651 61.558697 316.11313 375.2713 0.0 420.2236 367.51068 328.0171 305.16278 249.42453 300.72345 289.3456 
2015.8829 1773.2982 1534.2322 1527.4252 1427.8527 1262.7426 1332.2592 1202.6965 1209.0759 1102.5978 1094.344 1088.2933 997.9941 1005.5245 1010.78595 1015.291 748.79974 703.0582 906.44525 843.7356 832.98254 785.6626 804.8997 814.8635 379.44754 875.1398 761.19696 793.55475 758.9609 692.60114 862.7425 803.97894 843.01215 792.4367 816.705 785.56396 712.6932 725.1233 679.31604 697.23773 687.0766 638.34265 685.03784 664.94574 665.57056 627.39233 637.52057 599.1779 
1883.5251 1535.9421 1483.558 1404.4722 1258.0402 1108.1223 1085.3995 574.7452 0.0 0.0 0.0 124.07103 907.3331 786.0572 806.7741 737.685 765.34033 730.22034 729.2009 814.173 765.6692 765.2417 649.81915 655.4094 690.66095 542.9135 544.85364 532.19336 629.168 602.269 596.1526 563.2687 550.18085 558.5991 524.9589 521.2759 512.8905 412.52878 464.48535 450.67413 472.04868 455.96844 459.9474 429.69418 448.8326 514.60046 396.9089 436.56693 
2045.7416 1766.1953 1686.8136 1459.224 1542.1243 1398.7175 1283.7882 1186.9451 1755.3108 1726.2085 1600.0986 1566.3926 1255.6396 1093.7191 1106.7084 1041.072 1056.6589 973.92303 983.91974 948.83264 789.1483 872.805 968.563 962.11774 967.0832 972.54193 1002.6636 728.8392 866.4584 857.2838 865.3075 832.8182 786.5176 787.2081 742.15717 737.6521 727.7211 659.75006 730.18744 703.3213 732.3249 678.82275 708.78 703.4528 721.4074 904.3078 887.1753 871.0293 
1615.7843 1318.6123 1088.951 987.01086 899.145 809.30615 790.8254 725.8139 725.1233 677.77045 582.60443 633.3772 579.4476 588.32623 563.2358 563.4002 534.49524 514.04144 511.0161 443.20947 300.29596 521.3417 484.57745 589.70734 481.48636 464.18942 440.0526 452.3841 440.513 424.5643 442.02563 422.39395 426.6031 415.5212 388.85236 391.08847 372.01578 371.42386 352.28543 355.4423 363.4002 349.81915 356.39594 346.49786 358.66492 357.8428 317.23117 354.8175 
1171.6869 829.8915 681.22327 618.6123 573.364 526.34 514.99506 476.488 469.2864 450.54257 390.4308 417.72443 390.52942 394.93588 374.28476 376.6853 364.51825 348.53665 348.6682 324.9918 305.9191 257.21802 263.9921 338.6057 314.43604 318.3821 300.0 303.35416 292.6011 277.343 290.06906 276.58664 285.82703 278.88852 270.30582 282.04538 272.3775 280.26965 262.54523 275.0082 268.66162 257.15225 260.2762 249.39165 248.56955 249.75337 220.91417 246.69516 
1691.2529 1257.1522 1048.3394 935.5804 865.99805 751.4633 735.05426 683.0319 649.4574 627.4252 549.0299 579.9079 530.74646 535.2844 492.89706 478.49393 478.0993 462.21637 453.07465 369.18777 604.43933 671.5225 289.3127 9.339033 149.62184 225.12332 227.26077 241.72969 180.86156 155.67247 171.7856 157.67839 184.47879 167.97107 151.98947 153.96251 141.17067 173.13383 142.55179 137.65208 137.0273 133.27853 137.32324 131.76587 130.4834 133.50871 116.014465 124.564285 
1872.9365 1506.6096 1386.0573 1274.0217 1094.1796 1153.2062 1097.3364 1115.2252 1019.0727 955.2121 956.42883 906.47815 951.3647 889.27985 887.47125 897.04047 810.68726 863.8606 828.5761 823.97235 801.54553 827.6554 808.0566 787.9974 805.42584 782.3085 773.46265 778.6254 702.56494 748.438 717.46136 765.57056 721.0457 737.1917 715.1266 675.96185 705.9191 690.29926 701.15094 699.1121 645.8073 693.7521 664.6169 681.68365 653.63367 663.69617 643.04504 604.04474 
1090.2664 879.3489 824.53143 774.12036 658.2045 691.18713 649.9836 662.8741 625.05756 625.222 580.69714 581.4863 585.7613 532.62085 544.3933 556.6261 484.97205 517.6258 502.4334 511.77243 478.7899 494.77145 493.16016 456.6261 464.12366 441.4995 449.58896 305.82047 373.364 377.54028 309.43768 396.4814 355.93555 364.584 374.08746 367.44492 378.23083 357.94147 363.07135 358.3032 309.8323 335.54752 316.50772 325.1891 310.52286 322.45972 318.51364 302.99243 
1542.1901 1258.0402 1165.1101 1061.6573 922.4926 950.60834 879.9408 880.69714 846.6623 808.9444 769.5824 754.8504 752.8116 710.72015 704.96545 703.94604 652.8116 616.1131 715.2253 696.87604 693.09436 700.9865 755.0148 616.2446 632.0947 609.5035 632.68665 619.73035 538.0796 574.48206 330.31897 562.24927 514.173 541.0062 519.9934 517.56 495.5278 463.5975 482.3742 483.68958 462.47946 479.3489 449.293 465.96515 445.87308 455.54095 451.3318 432.6866 
877.86914 737.4877 626.07697 573.92303 507.10294 540.9405 469.9441 516.90234 488.22757 500.85498 462.01907 470.66754 486.25452 447.15555 473.26538 424.39987 393.2588 435.48175 432.39066 442.3545 418.67807 427.32654 415.22525 405.59027 394.34396 375.33707 389.27985 322.95297 333.9691 406.60968 347.38574 373.92307 384.34726 398.45447 390.03616 365.0115 360.3091 340.80893 343.50543 363.26868 342.5518 369.87833 350.34528 356.75766 323.47913 324.3341 319.66458 312.49588 
1541.4667 1353.6665 1265.2089 1162.8082 1033.147 1043.7028 970.3387 1002.3676 914.2716 919.5659 818.5137 895.1661 874.6465 804.3407 807.1687 801.77576 731.63434 774.48206 778.1322 806.1822 765.2746 785.8599 781.9796 743.2095 748.9313 728.8392 747.97766 742.4531 675.3042 700.1973 572.8708 738.77014 651.4305 655.7054 624.7287 614.3703 643.63696 621.76917 652.68005 652.25256 604.0776 635.48175 628.6419 644.09735 587.40546 594.4755 625.2877 596.87604 
1282.3085 1068.7603 1016.6064 934.7912 798.7175 738.6386 686.94507 736.7971 653.66656 643.9 586.02435 487.04373 598.4216 546.0046 544.52484 536.27094 479.02005 508.1881 488.85236 484.5117 457.8428 433.04834 428.44458 400.6248 403.41992 411.0161 303.58435 416.9681 350.83853 382.34134 365.57053 377.27722 331.7001 334.10062 306.9056 284.38013 304.66953 300.09866 301.1838 297.79678 270.10852 313.21933 316.4091 310.6873 295.36337 303.0582 281.1575 285.36667 
1360.934 1071.1608 991.779 880.3354 728.70764 715.6199 692.69977 695.9224 639.0003 599.8027 571.5225 549.9836 543.27527 513.2522 560.83527 547.4844 460.67084 507.00427 439.95395 502.17035 465.30746 467.57645 455.14633 436.79712 440.11838 411.8711 341.927 452.91022 386.4847 425.38638 407.07004 406.08353 379.18448 382.50577 376.55377 368.56296 380.89444 357.8428 386.9451 383.55804 356.49457 384.2486 352.1539 344.755 317.29694 344.88654 334.23215 323.1174 
1382.6044 1125.1891 973.56134 798.1256 841.0391 778.5926 738.73724 609.73364 551.1345 525.45215 578.29663 589.9375 555.50806 610.12823 545.3798 475.0411 501.77573 468.92468 483.6238 448.01053 440.7103 434.62677 424.071 430.6807 418.15192 438.4413 435.35022 377.24432 388.85236 367.6751 399.5725 354.2256 366.19534 350.87143 340.6774 361.7231 350.3124 359.12527 350.3124 326.93192 354.5873 338.70438 326.93192 308.22098 315.9816 302.36765 291.97632 308.28674 
1740.8418 1062.4465 1366.0638 1329.6942 1208.5498 1100.1973 1078.4939 1002.6965 953.7323 922.098 855.7054 831.1082 881.881 794.6728 853.3377 828.4775 806.41235 767.9053 794.7057 786.7149 783.4265 831.23975 739.9868 781.5192 768.82605 647.2542 714.2387 711.67377 706.3137 700.23016 665.57056 638.0138 608.68134 591.8119 617.29694 634.5939 612.2657 570.7991 622.7557 638.1125 613.6797 585.95856 602.2361 598.9806 588.7208 567.0503 551.3647 575.89606 
2219.566 1138.9674 1853.6008 1492.2065 1590.1348 1387.0437 1552.68 1438.0468 1423.2161 1196.5143 1257.7441 1338.244 949.26013 1265.1101 1180.3354 1034.1664 1103.3541 1089.4772 1118.9082 1014.50183 987.47125 1007.89215 933.7389 910.72015 869.22064 886.3203 876.5209 783.09766 821.60474 782.17694 831.4699 819.4344 817.29694 816.50775 763.4331 782.3742 847.1555 784.51166 820.9799 718.5465 784.47876 756.2315 820.19073 752.7787 807.43176 749.78625 727.5896 724.10394 
1639.0332 779.3489 1531.3712 1149.589 820.388 965.6034 1151.5948 1136.0408 1056.7577 1006.1493 536.3696 703.7159 994.2453 975.6988 942.58466 861.4929 749.35876 803.4528 763.2029 779.5133 744.8208 765.439 758.928 480.33542 686.5505 719.76324 727.68823 719.69745 648.9313 671.8185 579.1516 633.64026 635.48175 646.13617 646.39923 630.878 664.7156 618.77673 627.5896 624.10394 539.0661 581.22327 472.47617 586.35315 551.62775 577.2772 567.149 538.54 
1344.6235 1145.0839 1188.9839 1113.9757 1078.2966 1034.4294 1016.2118 907.6619 1010.09534 890.06903 810.0625 838.40845 888.0631 813.7455 883.06476 847.6159 276.35648 872.9694 786.123 442.68332 545.2154 706.83984 712.4301 699.34235 700.29596 507.72772 283.72247 482.76883 384.97205 574.1861 582.9332 609.0102 601.08514 617.42847 586.87933 603.7817 600.3617 530.71356 593.8836 575.7645 601.6113 566.0967 600.72345 590.365 562.315 570.0099 557.4811 572.67346 
1564.3209 1282.9662 1306.6754 1280.8616 1098.29 989.1154 1097.7639 1033.41 929.2009 936.2052 432.78528 0.0 0.0 0.0 102.40053 858.5005 769.28644 760.9997 796.02106 780.5327 703.683 748.76685 771.71985 630.58203 541.927 776.0605 779.9737 746.0375 651.7922 736.1394 629.5626 696.5143 703.3542 683.0319 704.2749 651.0029 649.5889 610.2269 618.77673 627.85266 585.49817 616.1789 587.0766 599.8356 570.66754 612.6932 593.4232 553.07465 
1362.3151 1365.8665 1165.6034 1038.9674 882.3742 883.6238 795.1661 789.27985 718.5137 687.47125 548.4709 651.7922 614.40314 573.2983 523.4133 497.27063 512.3972 540.2828 521.4732 529.2338 444.68924 498.1256 454.62018 417.42847 420.2236 441.66394 464.05786 441.6968 377.17856 401.70996 390.0033 391.58173 369.0891 369.02335 358.40186 345.0181 348.96414 342.9464 336.53403 348.20782 338.47418 363.72903 333.5416 349.22723 315.35678 303.94608 326.53732 284.0184 
4073.5942 3724.7288 3349.3586 2720.947 2643.341 2852.2854 2737.7837 2534.9556 2472.509 2327.6882 2182.2097 2196.8103 2050.148 2050.5098 2014.5018 1777.4745 1928.5104 1819.0726 1837.0273 1720.5853 1712.0027 1703.1569 1632.5222 1321.7034 1745.2483 1728.8721 1608.4512 1386.1559 1540.6774 1463.5646 1479.7435 1389.9705 1357.4811 533.3443 1308.2539 1278.0994 1203.0911 1167.5107 1176.0605 1046.6622 1103.124 1049.1943 1077.047 1013.54816 1039.5265 1012.8247 974.08746 962.15063 
924.00525 932.4564 847.2213 743.66986 811.70667 749.39166 712.4301 720.5196 699.8027 643.5383 617.5929 658.36896 613.64685 604.1105 633.8704 566.42554 611.14764 574.08746 609.1417 569.4837 605.1299 607.89215 620.8813 595.6922 570.5031 630.6149 599.4081 516.44196 557.84283 536.5998 543.70276 514.40314 528.5761 525.84674 503.74878 508.94443 466.19534 477.93488 468.36566 439.32916 478.92142 472.96942 489.83887 464.12366 472.54193 462.47946 436.56693 446.03748 
959.4541 810.09534 725.5508 638.80304 666.1625 615.5541 619.9934 583.3607 584.61035 554.2256 541.13776 543.1437 502.2361 519.1055 549.8849 490.36502 503.71588 486.32028 494.6728 475.53436 478.36237 486.51758 464.4196 480.79578 449.19434 455.4423 469.122 408.3854 440.0526 443.9658 448.2736 412.72607 412.1013 403.91318 399.3752 404.63663 400.52615 407.3331 403.2555 376.4551 389.37848 383.68958 391.97632 367.60934 375.2713 371.85138 355.08057 360.5393 
736.0079 666.39264 811.2463 793.12726 786.2216 682.0454 736.6984 711.11475 713.15356 642.8477 634.9227 572.47614 612.0684 605.2943 583.854 584.18286 242.81487 436.76422 730.77936 550.18085 253.92963 216.40907 521.3746 330.9109 629.4969 491.08847 462.7754 470.10852 461.32852 106.83986 213.84413 393.68628 401.05228 370.7333 352.21967 364.05786 375.13977 371.1608 348.79974 353.30484 358.17166 314.3374 360.7366 346.79382 360.01315 326.53732 341.4666 334.5281 
1116.409 1204.3407 1108.0565 1034.4952 971.25946 934.7583 866.0638 779.64484 837.4548 766.58997 772.67346 777.7376 698.91486 742.8149 710.32556 737.1917 706.80695 698.5531 484.54456 350.77277 912.3972 538.1782 556.98785 540.9076 490.85828 519.73035 555.04767 685.0707 562.28217 527.1292 502.56494 476.15915 526.2414 505.88623 503.18973 492.27228 443.5712 465.11017 430.97665 437.68497 413.7126 444.03156 425.1891 399.24368 412.52878 386.0901 369.58237 372.21307 
1768.3328 1573.1338 1484.6104 1421.9006 1294.3768 1285.5311 1212.6274 1097.7968 1077.3759 994.8701 961.26276 928.5761 837.2575 900.8221 857.31665 900.69055 815.1595 853.3048 570.8977 857.2838 830.023 715.88293 724.49854 730.22034 642.4202 692.7984 635.44885 813.5153 676.1263 686.84644 675.0411 640.61163 667.97107 632.55505 616.50775 619.0069 567.708 552.68005 521.3088 526.2085 491.6146 505.88623 505.78757 475.13977 449.55606 459.3226 464.51825 450.3124 
1603.2885 1296.284 1095.2318 899.8356 966.1953 888.26044 894.7386 817.32983 752.4498 731.9303 695.2318 684.47876 644.49194 712.2986 631.76587 558.36896 605.7218 573.7586 583.49225 540.84186 538.6057 524.5643 502.59784 517.5271 490.29926 501.05228 501.8744 454.35712 508.1881 479.67773 481.71655 461.32852 477.93488 468.76028 426.73462 443.93292 417.5929 431.79874 427.65536 367.37915 394.77145 390.72675 429.95724 406.3795 425.5179 414.7649 388.9839 367.05032 
964.2223 953.9625 880.7629 816.6721 754.94904 667.77374 644.09735 587.86584 600.75635 604.99835 470.70044 509.37192 480.89444 487.3726 458.8951 481.91385 434.7583 417.3956 400.0 372.47617 393.48898 390.33212 328.87207 351.20026 280.59848 300.72345 292.14075 303.15686 274.71228 273.0023 265.40613 273.06808 259.02664 318.8425 258.59915 272.34464 346.4321 431.53568 213.25221 270.536 290.7596 241.63104 205.16278 181.61789 133.9362 112.035515 230.58205 267.01743 
1132.7853 938.0796 868.76025 817.46136 759.6514 685.8599 689.67444 609.4377 631.9632 632.4235 538.4413 575.96185 542.8477 542.7491 504.43933 506.7412 495.56067 470.536 489.3456 459.58566 460.01315 554.7517 456.0013 470.83197 420.4867 419.0398 408.94443 429.43112 405.45874 380.5327 331.43704 396.34988 392.14075 372.93652 328.11575 348.6353 316.01447 348.37225 254.29135 307.72772 360.5064 323.512 327.26077 291.35153 241.82834 258.8622 270.47025 364.2552 
1860.5721 1564.6826 1474.8767 1301.973 1263.6304 1251.529 1085.3995 1070.6676 1020.19073 1003.97894 944.7221 936.86285 963.5975 917.6587 980.4998 824.99176 868.5301 881.3877 821.60474 757.218 625.8139 418.1848 467.2805 590.8912 650.4111 612.59454 636.0408 660.901 711.4765 685.2351 654.1927 700.9208 677.0799 686.0572 676.84973 631.20685 658.1059 636.1394 554.02826 581.8152 587.04376 555.44226 542.4531 549.9178 512.98914 500.95364 495.9224 442.65045 
1394.9688 1398.7833 1199.9014 1137.2904 1015.1266 984.4459 926.7017 855.7054 907.43176 815.48834 855.6725 808.4512 765.01154 745.1825 723.9395 727.45807 681.026 660.9668 645.61 623.2489 625.6823 625.3535 203.683 793.94934 704.01184 717.1654 647.91187 578.0664 582.50574 578.42816 552.8116 525.5837 540.61163 518.4479 530.2861 533.41003 517.82306 556.8563 535.6462 545.7415 532.4893 529.5955 507.46466 474.71228 482.8017 488.19467 502.8938 502.33475 
1722.098 1484.3473 1407.925 1266.3269 1231.4042 1138.4742 1097.1062 1072.509 946.46497 949.6876 918.119 794.3111 844.7879 795.6922 802.6965 769.87836 814.43604 754.7517 755.3107 763.7948 658.40186 805.097 1016.93524 1067.8066 634.5939 514.732 497.82965 474.31766 496.54718 462.31503 453.96252 478.1322 461.32852 472.27887 466.78723 435.31732 464.45248 444.39328 446.0046 434.06775 453.1404 428.54324 414.2716 410.78592 395.5278 418.31635 405.7218 351.59488 
1589.7731 1379.02 1356.5933 1254.7189 1236.6655 1211.8711 1128.4774 1055.4423 1040.0854 1037.1588 1035.5146 914.46893 977.40875 928.34595 945.7744 893.09436 916.1131 903.8145 874.8767 885.43243 837.2575 850.21375 837.32324 762.5452 852.7787 801.8744 805.06415 773.46265 786.35315 768.1684 770.4702 877.3101 671.09503 946.6623 872.54193 749.6876 568.9905 62.41368 865.2088 623.7751 609.5692 574.4492 533.67316 504.43933 510.4242 507.5962 495.39624 440.15128 
2145.5771 1750.9043 1590.6938 1403.0253 1352.0881 1301.6771 1244.9852 1283.7224 1110.8517 610.49 1030.2203 1020.15784 972.11444 923.3476 935.44885 889.31274 899.9342 879.0858 829.69415 834.265 793.98224 806.6097 781.9138 688.4906 767.44495 748.73395 785.827 721.17725 763.7619 723.808 689.9704 697.3364 495.59357 651.4633 773.16675 685.03784 588.655 76.488 383.0648 651.9566 623.4133 589.3456 558.8951 569.7139 540.15125 547.6817 551.1345 486.15588 
2445.873 2165.7349 1844.4261 1756.8234 1651.2003 1467.5436 1422.8214 1295.6923 1282.5387 1228.4446 1039.8882 1108.0895 1042.7162 1040.6117 961.29565 950.9372 906.87274 853.63367 869.681 809.27325 826.2085 803.8145 746.6952 764.3867 690.5294 699.73694 672.8708 658.2045 654.7846 617.0996 614.50183 583.3607 588.655 605.39294 512.4301 563.2029 530.9766 482.11115 424.36697 503.683 561.03253 560.21045 558.632 530.5163 530.878 554.7189 468.79315 500.32883 
1053.7323 1014.3045 970.832 971.71985 873.66 760.24335 858.1059 804.6695 800.4933 753.272 663.8606 710.4571 670.9306 819.9934 876.42224 857.514 777.7376 846.39923 940.80896 643.60406 683.8211 646.0046 480.10522 565.4061 343.30814 473.98883 555.3436 550.80566 541.5324 518.6452 515.48834 477.04703 473.95593 517.29694 482.04538 483.68958 466.52417 416.80368 460.76947 450.77277 440.38144 426.50443 458.66492 417.32983 434.46234 444.88654 406.21506 433.83755 
1020.5853 781.881 556.29724 757.4482 525.2548 849.29297 781.8152 707.39886 720.19073 766.1296 755.50806 750.77277 668.267 581.9467 632.9497 593.94934 611.8711 562.61096 579.612 519.76324 471.02927 552.18677 542.22296 539.4936 519.0069 469.2864 484.14996 311.08188 416.47485 403.22263 445.37982 445.64288 427.1621 444.45905 428.54324 433.7718 400.0 391.4502 398.42157 378.19797 362.01907 358.13876 370.70044 377.6718 364.32095 364.38672 354.65308 355.54095 
1435.0214 1201.6113 1104.1763 1098.5859 979.80927 958.1388 850.4768 852.1539 777.2443 680.23676 740.15125 697.7639 693.55475 636.0079 649.35876 625.222 585.3009 572.3775 548.1092 554.2914 541.7626 504.9326 539.9868 484.4459 572.50903 521.8349 515.3568 490.92404 467.51068 479.57907 427.55673 457.4482 432.25912 422.39395 473.56134 413.81125 435.975 399.73694 397.1391 361.88754 320.97995 261.5587 286.4847 320.15784 339.2963 310.52286 344.91943 351.79218 
683.854 591.71326 548.9971 500.75632 494.11377 455.37653 74.35054 448.14206 372.47617 369.68103 365.14304 364.84708 337.8494 348.20782 341.17065 322.98587 328.51035 307.26733 314.5347 306.08353 279.44754 315.42255 305.2614 308.94443 283.0319 299.44098 292.2065 278.03354 286.2874 273.52844 277.96777 277.96777 260.21045 274.4821 264.45248 271.45676 257.8428 278.95428 265.73495 253.76521 259.15817 252.976 259.65143 251.7593 238.17824 255.8369 247.87898 244.7879 
1313.2522 1097.435 991.12134 897.89545 898.9806 836.53406 797.1062 784.9063 712.16705 717.9875 662.15063 668.6287 624.9589 633.706 624.59717 583.1963 585.3338 563.8606 603.15686 636.6984 509.0102 539.4936 520.71686 562.05194 502.53207 507.46466 491.6146 510.6544 522.59125 513.6797 533.57446 519.6646 455.47516 504.60376 474.15323 467.4778 445.87308 422.45972 396.97467 379.44754 401.51266 457.28378 448.6353 449.45743 396.1197 421.30878 414.56757 412.29858 
1930.3848 1775.337 1453.0417 1476.5209 1356.1986 1292.1079 1195.7579 1178.3295 1297.6653 1370.2401 1390.9241 1292.6669 1248.8326 1008.4183 818.38214 875.0411 833.5416 823.9066 768.9905 770.0756 749.6218 717.85596 725.84674 706.2479 717.42847 711.345 640.0855 670.9306 675.633 642.3216 471.32523 614.8306 608.3854 580.8616 598.65173 578.5268 584.01843 585.03784 550.21375 572.3446 531.9303 538.6386 515.1595 520.2565 505.42584 484.97205 491.68036 463.33444 
747.6159 650.77277 628.8392 569.5495 507.69482 496.28412 461.49292 437.2246 422.657 423.7422 429.2338 409.40482 427.32654 408.87866 422.3282 399.30945 380.5327 387.66852 364.7813 369.05624 211.77245 291.4502 299.83557 286.35318 297.73102 251.36469 223.77507 253.5679 309.50345 215.52121 358.43472 358.66492 346.92535 320.51956 340.21704 321.14435 321.63763 332.48932 393.4561 357.80994 308.6156 319.17133 97.00756 286.9451 342.65045 322.72278 357.77704 348.93127 
1605.0312 1347.1885 1139.2634 1035.5146 960.63794 893.16016 891.18713 821.67053 802.8938 767.87244 663.7619 716.9681 697.6324 686.3203 653.9954 654.1598 631.437 566.294 574.8438 547.78033 589.5429 580.8287 499.30945 558.1059 517.88885 529.2338 449.12857 450.34528 478.16507 438.8688 451.39755 449.7205 465.07727 449.2601 425.45215 443.50543 423.61066 433.5745 405.22855 418.6123 409.43768 392.14075 405.88623 398.68463 385.59683 383.13055 346.4321 378.5597 
975.7645 745.314 595.1661 532.22626 541.5324 490.0033 472.6077 431.99606 429.8257 416.4091 360.2762 380.171 358.2703 329.69418 306.24796 335.2187 325.02466 299.5396 309.47058 282.2098 278.95428 280.40118 241.72969 260.9668 249.39165 259.19107 244.06445 262.24927 244.19598 230.41763 237.55344 238.96744 240.84183 234.29793 217.62578 226.73462 219.59882 224.03815 213.0878 219.59882 204.8997 204.8997 206.41237 202.53206 189.60869 192.76553 183.45938 200.06577 
1876.0934 1598.3229 991.3844 1341.4667 1381.4535 1051.266 1042.2887 1061.6902 984.6432 973.8902 964.8471 853.7323 881.026 852.12103 863.7948 797.36926 807.9579 737.91516 1086.4518 726.1427 677.1457 678.78986 648.2078 575.50146 606.7741 591.68036 584.47876 529.4311 579.31604 544.49194 561.03253 508.5498 564.7813 571.4239 568.1355 531.17395 550.67413 537.0273 551.858 515.291 508.74713 477.80334 456.92206 461.9204 444.26175 457.71127 476.9155 446.6623 
1448.8984 1287.6686 945.314 1238.2769 1188.1617 1189.7731 1105.8534 556.6261 1099.5067 891.64746 937.29034 964.51825 930.8451 883.1963 816.6393 829.8586 792.73267 813.7784 820.8813 777.1457 806.2479 774.6136 789.0497 751.8251 764.2223 759.28973 729.9573 729.5298 685.59686 703.8145 696.9747 683.7554 740.9734 703.3542 727.6554 669.9112 757.6784 666.39264 677.34296 649.19434 670.70044 678.6912 701.0523 604.3078 647.38574 598.0599 621.14435 579.3489 
978.75696 667.4778 793.7849 739.4936 727.7211 758.928 784.4459 753.86383 674.8438 871.7856 804.99835 824.7616 813.5153 774.3834 821.5061 773.0023 776.1592 758.5334 701.4469 717.001 679.87506 716.04736 685.03784 746.2677 749.9178 683.7882 649.0957 652.4498 673.03516 651.562 568.7274 635.02136 602.8609 613.61395 579.7435 633.147 606.511 597.40216 599.5396 592.4038 621.60474 623.57776 556.56036 588.22754 553.46924 614.00854 586.6163 603.94604 
2001.8744 1587.537 1422.3281 1274.3834 1185.5311 1128.7406 990.8912 969.681 953.10754 846.89246 904.2749 850.73987 900.3617 791.8119 795.1003 776.84973 561.1312 699.9671 712.3315 719.8619 607.1358 694.6728 700.5919 642.7162 709.076 663.49884 648.9313 630.38477 624.7945 649.5561 638.83594 619.9605 646.0704 616.3762 615.48834 525.48505 612.3972 584.2157 600.0 522.55835 521.9336 513.54816 480.49985 467.80664 462.74252 247.78033 485.8928 479.67773 
1240.3157 937.75073 848.5038 767.74084 704.40643 692.8971 622.3939 618.974 597.1391 513.4824 558.43475 512.0026 484.6761 483.72247 511.70667 466.32687 435.44885 454.7846 440.2499 450.80566 434.59387 396.38278 483.16342 510.194 476.55377 447.91187 452.91022 431.60144 385.79416 413.02203 380.0066 378.16507 377.04703 338.57285 393.6205 367.01743 373.23248 357.8757 370.56888 363.3673 345.57712 356.8563 342.84775 345.11673 332.98257 298.29004 320.38803 305.42584 
13.285104 417.42847 1150.5096 1124.0052 994.344 962.5123 907.7606 855.6067 860.67084 781.8481 817.39557 820.28937 633.21277 738.37555 705.6889 738.6715 808.68134 830.58203 700.1973 690.8912 673.8902 666.35974 675.00824 638.96747 621.80206 645.05096 605.98486 636.89575 599.6054 607.5962 594.4097 567.0832 577.6718 599.8027 658.8951 594.7715 526.6689 591.0556 550.70703 540.9734 564.2881 570.0427 564.97864 535.51465 559.22394 557.218 516.90234 554.8504 
